195
node350    0.0000000 0.0226005 0.0308756 0.0309041 0.0205023 0.0205396 0.0226005 0.0457654 0.0184339 0.0184365 0.0184365 0.0246639 0.0122078 0.0267287 0.0163530 0.0351598 0.0289038 0.0436690 0.0310407 0.0267379 0.0205396 0.0246488 0.0184100 0.0267463 0.0288628 0.0438924 0.0309578 0.0225897 0.0225895 0.0289259 0.0205019 0.0477038 0.0225811 0.0268617 0.0353789 0.0268354 0.0225912 0.0268410 0.0310660 0.0225501 0.0122078 0.0205444 0.0226106 0.0247062 0.0414256 0.0163530 0.0205015 0.0142474 0.0246783 0.0268158 0.0289775 0.0225573 0.0225501 0.0268360 0.0329361 0.0308736 0.0247625 0.0225619 0.0204965 0.0267579 0.0415742 0.0435511 0.0457654 0.0184339 0.0246547 0.0268410 0.0184037 0.0184339 0.0205023 0.0289775 0.0184339 0.0246829 0.0267725 0.0288892 0.0268466 0.0226071 0.0268445 0.0289875 0.0330566 0.0353915 0.0205260 0.0163717 0.0310059 0.0246712 0.0184339 0.0226423 0.0413931 0.0309685 0.0247144 0.0204994 0.0246494 0.0332668 0.0184289 0.0289875 0.0246990 0.0247217 0.0226071 0.0204994 0.0246669 0.0268354 0.0246712 0.0268105 0.0266630 0.0311039 0.0332668 0.0268428 0.0288864 0.0247315 0.0205281 0.0226094 0.0204557 0.0247010 0.0268005 0.0415742 0.0246767 0.0226334 0.0288770 0.0267900 0.0245219 0.0374514 0.0310692 0.0268528 0.0311530 0.0310730 0.0204965 0.0225619 0.0330740 0.0311249 0.0332081 0.0267329 0.0308814 0.0184523 0.0247506 0.0247025 0.0225606 0.0267855 0.0287971 0.0352705 0.0226094 0.0204743 0.0246081 0.0353987 0.0353254 0.0184281 0.0225700 0.0184203 0.0437716 0.0268387 0.0205289 0.0436671 0.0225495 0.0289486 0.0246422 0.0205015 0.0204813 0.0289584 0.0330740 0.0184365 0.0289645 0.0246781 0.0205204 0.0226116 0.0205396 0.0268327 0.0267508 0.0310295 0.0225596 0.0225596 0.0246217 0.0246373 0.0329997 0.0332090 0.0226286 0.0310383 0.0375285 0.0205225 0.0309065 0.0226315 0.0309696 0.0247300 0.0246140 0.0246898 0.0329174 0.0184281 0.0246547 0.0184037 0.0247260 0.0205019 0.0246822 0.0225867 0.0142523 0.0205310 0.0309065 0.0289753 0.0395665 
G10796     0.0226005 0.0000000 0.0203851 0.0204037 0.0101530 0.0020167 0.0000010 0.0565135 0.0081145 0.0040403 0.0040403 0.0020135 0.0101427 0.0162902 0.0060739 0.0245779 0.0184008 0.0329460 0.0204922 0.0162956 0.0020167 0.0142404 0.0081041 0.0163007 0.0060584 0.0331119 0.0080864 0.0122035 0.0122032 0.0184143 0.0101528 0.0584311 0.0121987 0.0163693 0.0247290 0.0163536 0.0122042 0.0163569 0.0205083 0.0121821 0.0101427 0.0101732 0.0122147 0.0142726 0.0307661 0.0060739 0.0101527 0.0121753 0.0142571 0.0163421 0.0184465 0.0121861 0.0121821 0.0163541 0.0224250 0.0203837 0.0143043 0.0121885 0.0101501 0.0163078 0.0522876 0.0542517 0.0565135 0.0081145 0.0142436 0.0163569 0.0081013 0.0081145 0.0101530 0.0184465 0.0081145 0.0142597 0.0163166 0.0183913 0.0163602 0.0122127 0.0163591 0.0184528 0.0225063 0.0247372 0.0101647 0.0395643 0.0204696 0.0142532 0.0081145 0.0040420 0.0520583 0.0204463 0.0142772 0.0060646 0.0142406 0.0226471 0.0081124 0.0184528 0.0142685 0.0142815 0.0122127 0.0060646 0.0142508 0.0163536 0.0142532 0.0163390 0.0162503 0.0205330 0.0226471 0.0163578 0.0183895 0.0142869 0.0101657 0.0122140 0.0101301 0.0142698 0.0163330 0.0522876 0.0309614 0.0122262 0.0183842 0.0040372 0.0224101 0.0267822 0.0205104 0.0040464 0.0205660 0.0205131 0.0101501 0.0121885 0.0225181 0.0205475 0.0226066 0.0162925 0.0203888 0.0081226 0.0142977 0.0101492 0.0121878 0.0163245 0.0183341 0.0246534 0.0122140 0.0101392 0.0142171 0.0247424 0.0246903 0.0081120 0.0121929 0.0081086 0.0330218 0.0122133 0.0060733 0.0543979 0.0121820 0.0184283 0.0142365 0.0101527 0.0101427 0.0184344 0.0225181 0.0081157 0.0184381 0.0481311 0.0060708 0.0122151 0.0060760 0.0163520 0.0163035 0.0204850 0.0121874 0.0121874 0.0142247 0.0142337 0.0393328 0.0226072 0.0122235 0.0204903 0.0268375 0.0101630 0.0204053 0.0081149 0.0204467 0.0020187 0.0142203 0.0101443 0.0224122 0.0081120 0.0142436 0.0081013 0.0142837 0.0101528 0.0142595 0.0122018 0.0121795 0.0060739 0.0204053 0.0184452 0.0288673 
G10797     0.0308756 0.0203851 0.0000000 0.0286156 0.0183080 0.0183404 0.0203851 0.0650021 0.0162580 0.0162604 0.0162604 0.0224312 0.0182891 0.0244784 0.0141977 0.0328286 0.0266266 0.0412557 0.0287409 0.0244868 0.0183404 0.0224173 0.0162369 0.0244945 0.0265898 0.0414642 0.0286655 0.0203754 0.0203751 0.0266467 0.0183076 0.0668980 0.0203675 0.0245988 0.0330305 0.0245750 0.0203766 0.0245800 0.0287641 0.0203394 0.0182891 0.0183447 0.0203943 0.0224687 0.0390397 0.0141977 0.0183072 0.0203279 0.0224442 0.0245573 0.0266937 0.0203460 0.0203394 0.0245755 0.0306324 0.0285871 0.0225193 0.0203501 0.0183027 0.0245053 0.0607637 0.0627087 0.0650021 0.0162580 0.0224226 0.0245800 0.0162313 0.0162580 0.0183080 0.0266937 0.0162580 0.0224484 0.0245186 0.0266132 0.0245851 0.0203911 0.0245833 0.0267028 0.0307449 0.0330420 0.0183292 0.0479804 0.0287090 0.0224377 0.0162580 0.0204217 0.0604947 0.0286756 0.0224761 0.0183054 0.0224178 0.0309375 0.0162536 0.0267028 0.0224622 0.0224827 0.0203911 0.0183054 0.0224339 0.0245750 0.0224377 0.0245524 0.0244179 0.0287988 0.0309375 0.0245816 0.0266106 0.0224915 0.0183309 0.0203932 0.0182662 0.0224641 0.0245434 0.0607637 0.0392891 0.0204138 0.0266028 0.0245338 0.0306134 0.0350869 0.0287670 0.0245907 0.0288435 0.0287705 0.0183027 0.0203501 0.0307612 0.0288178 0.0308838 0.0244822 0.0285944 0.0162743 0.0225087 0.0224659 0.0203490 0.0245307 0.0020085 0.0329306 0.0203932 0.0182828 0.0223801 0.0330486 0.0329811 0.0162529 0.0203575 0.0162460 0.0413514 0.0245780 0.0183319 0.0628800 0.0203389 0.0266673 0.0224112 0.0183072 0.0182891 0.0266762 0.0307612 0.0121424 0.0266818 0.0566036 0.0183242 0.0203955 0.0183404 0.0245725 0.0244987 0.0287307 0.0203481 0.0203481 0.0223925 0.0224068 0.0476990 0.0308846 0.0204095 0.0287386 0.0351580 0.0183261 0.0040236 0.0204121 0.0286765 0.0224902 0.0223855 0.0224548 0.0306161 0.0162529 0.0224226 0.0162313 0.0224865 0.0183076 0.0224478 0.0203726 0.0203350 0.0183337 0.0040236 0.0266917 0.0371828 
G10794     0.0309041 0.0204037 0.0286156 0.0000000 0.0141924 0.0183571 0.0204037 0.0650655 0.0162718 0.0162751 0.0162751 0.0224517 0.0183058 0.0203310 0.0142105 0.0286289 0.0266511 0.0412946 0.0245527 0.0245093 0.0183571 0.0224378 0.0162516 0.0245171 0.0266143 0.0415031 0.0286920 0.0203940 0.0121564 0.0224719 0.0183243 0.0669630 0.0162400 0.0246213 0.0288046 0.0245975 0.0203955 0.0204150 0.0287906 0.0162176 0.0183058 0.0183614 0.0204129 0.0183224 0.0348131 0.0142105 0.0183239 0.0203465 0.0224647 0.0203955 0.0267182 0.0203646 0.0162176 0.0204114 0.0306609 0.0286136 0.0225399 0.0203687 0.0183193 0.0203532 0.0608225 0.0627698 0.0650655 0.0162718 0.0224432 0.0204150 0.0162460 0.0162718 0.0141924 0.0267182 0.0162718 0.0183058 0.0245421 0.0266377 0.0246076 0.0204097 0.0204177 0.0225191 0.0265566 0.0330725 0.0183458 0.0480272 0.0287355 0.0224583 0.0162718 0.0204403 0.0605524 0.0287021 0.0224967 0.0183220 0.0224384 0.0309661 0.0162683 0.0225191 0.0224828 0.0183338 0.0204097 0.0183220 0.0182941 0.0245975 0.0182972 0.0245750 0.0244404 0.0246020 0.0309661 0.0246041 0.0183185 0.0183409 0.0183477 0.0162604 0.0182828 0.0224847 0.0203848 0.0608225 0.0393259 0.0204324 0.0142102 0.0245563 0.0306407 0.0351195 0.0287935 0.0246132 0.0246401 0.0245779 0.0183193 0.0203687 0.0307897 0.0288443 0.0309123 0.0245047 0.0162098 0.0162891 0.0225292 0.0224860 0.0162253 0.0203742 0.0265536 0.0329612 0.0162604 0.0101003 0.0224007 0.0288202 0.0330117 0.0162677 0.0162321 0.0162607 0.0413903 0.0246005 0.0183485 0.0629411 0.0203575 0.0266919 0.0141817 0.0183239 0.0183058 0.0267007 0.0307897 0.0162751 0.0267063 0.0566591 0.0183409 0.0162620 0.0183571 0.0245951 0.0245212 0.0245440 0.0203667 0.0203667 0.0224131 0.0182721 0.0477444 0.0266767 0.0204281 0.0287651 0.0351906 0.0183428 0.0286443 0.0204307 0.0244978 0.0225107 0.0224060 0.0224753 0.0306434 0.0162677 0.0224432 0.0162460 0.0183368 0.0183243 0.0224684 0.0203912 0.0203536 0.0183504 0.0286443 0.0225098 0.0372175 
G10795     0.0205023 0.0101530 0.0183080 0.0141924 0.0000000 0.0081196 0.0101530 0.0543028 0.0060731 0.0060741 0.0060741 0.0121878 0.0080971 0.0101173 0.0040408 0.0141851 0.0163218 0.0308212 0.0142538 0.0142286 0.0081196 0.0121804 0.0060654 0.0142331 0.0162994 0.0309750 0.0183562 0.0101482 0.0060633 0.0080977 0.0081052 0.0562226 0.0020118 0.0142929 0.0184279 0.0142792 0.0101488 0.0060691 0.0184184 0.0060528 0.0080971 0.0081214 0.0101575 0.0040350 0.0202922 0.0040408 0.0081051 0.0101248 0.0121946 0.0101494 0.0163622 0.0101338 0.0060528 0.0101569 0.0203434 0.0183067 0.0122350 0.0101357 0.0081030 0.0101284 0.0500878 0.0520527 0.0543028 0.0060731 0.0121831 0.0060691 0.0060633 0.0060731 0.0000010 0.0163622 0.0060731 0.0080971 0.0142469 0.0163133 0.0142849 0.0101559 0.0101599 0.0122241 0.0121463 0.0226273 0.0081147 0.0374010 0.0183837 0.0121913 0.0060731 0.0101710 0.0498685 0.0183629 0.0122118 0.0081043 0.0121805 0.0205443 0.0060715 0.0122241 0.0122044 0.0081095 0.0101559 0.0081043 0.0040289 0.0142792 0.0080935 0.0142665 0.0141891 0.0142821 0.0205443 0.0142828 0.0121822 0.0040390 0.0081155 0.0060687 0.0080871 0.0122056 0.0101438 0.0500878 0.0288358 0.0101670 0.0121787 0.0142556 0.0203299 0.0246695 0.0184203 0.0142883 0.0143040 0.0142683 0.0081030 0.0101357 0.0204277 0.0184525 0.0205079 0.0142259 0.0141820 0.0060791 0.0122294 0.0122064 0.0020100 0.0101386 0.0162627 0.0225511 0.0060687 0.0040303 0.0121605 0.0184376 0.0225847 0.0060712 0.0060582 0.0060687 0.0308920 0.0142810 0.0081159 0.0521928 0.0101303 0.0163461 0.0080840 0.0081051 0.0080971 0.0163515 0.0204277 0.0060741 0.0163547 0.0459386 0.0081125 0.0020148 0.0081196 0.0142778 0.0142356 0.0142488 0.0101348 0.0101348 0.0121670 0.0040241 0.0371829 0.0122003 0.0101648 0.0184022 0.0247201 0.0081134 0.0183261 0.0101664 0.0142223 0.0122195 0.0121632 0.0122005 0.0203318 0.0060712 0.0121831 0.0060633 0.0081107 0.0081052 0.0121967 0.0101468 0.0101284 0.0081167 0.0183261 0.0122191 0.0267484 
G10792     0.0205396 0.0020167 0.0183404 0.0183571 0.0081196 0.0000000 0.0020167 0.0544016 0.0060838 0.0020195 0.0020195 0.0040350 0.0081113 0.0142490 0.0040479 0.0225220 0.0163506 0.0308763 0.0184365 0.0142538 0.0000010 0.0122018 0.0060760 0.0142582 0.0080938 0.0310318 0.0101284 0.0101660 0.0101658 0.0163625 0.0081194 0.0563256 0.0101621 0.0143180 0.0226605 0.0143043 0.0101666 0.0143072 0.0184509 0.0101482 0.0081113 0.0081356 0.0101753 0.0122294 0.0287054 0.0040479 0.0081193 0.0101427 0.0122161 0.0142943 0.0163910 0.0101516 0.0101482 0.0143048 0.0203796 0.0183391 0.0122564 0.0101536 0.0081173 0.0142644 0.0501799 0.0521475 0.0544016 0.0060838 0.0122046 0.0143072 0.0060739 0.0060838 0.0081196 0.0163910 0.0060838 0.0122183 0.0142720 0.0163421 0.0143100 0.0101737 0.0143091 0.0163966 0.0204532 0.0226679 0.0081289 0.0374689 0.0184162 0.0122127 0.0060838 0.0020203 0.0499592 0.0183953 0.0122333 0.0040417 0.0122020 0.0205811 0.0060822 0.0163966 0.0122259 0.0122370 0.0101737 0.0040417 0.0122108 0.0143043 0.0122127 0.0142916 0.0142143 0.0184742 0.0205811 0.0143079 0.0163405 0.0122416 0.0081297 0.0101748 0.0081013 0.0122270 0.0142864 0.0501799 0.0288882 0.0101849 0.0163358 0.0060677 0.0203661 0.0247144 0.0184528 0.0060815 0.0185030 0.0184552 0.0081173 0.0101536 0.0204639 0.0184863 0.0205452 0.0142510 0.0183437 0.0060898 0.0122508 0.0081166 0.0101530 0.0142790 0.0162915 0.0225910 0.0101748 0.0081086 0.0121820 0.0226727 0.0226257 0.0060819 0.0101572 0.0060793 0.0309471 0.0101742 0.0040475 0.0522876 0.0101482 0.0163749 0.0121985 0.0081193 0.0081113 0.0163803 0.0204639 0.0060847 0.0163835 0.0460225 0.0040458 0.0101757 0.0040493 0.0143029 0.0142607 0.0184300 0.0101527 0.0101527 0.0121885 0.0121961 0.0372496 0.0205457 0.0101827 0.0184347 0.0247645 0.0081276 0.0183585 0.0060841 0.0183957 0.0040453 0.0121847 0.0081126 0.0203680 0.0060819 0.0122046 0.0060739 0.0122388 0.0081194 0.0122182 0.0101647 0.0101461 0.0040479 0.0183585 0.0163899 0.0267970 
G10793     0.0226005 0.0000010 0.0203851 0.0204037 0.0101530 0.0020167 0.0000000 0.0565135 0.0081145 0.0040403 0.0040403 0.0020135 0.0101427 0.0162902 0.0060739 0.0245779 0.0184008 0.0329460 0.0204922 0.0162956 0.0020167 0.0142404 0.0081041 0.0163007 0.0060584 0.0331119 0.0080864 0.0122035 0.0122032 0.0184143 0.0101528 0.0584311 0.0121987 0.0163693 0.0247290 0.0163536 0.0122042 0.0163569 0.0205083 0.0121821 0.0101427 0.0101732 0.0122147 0.0142726 0.0307661 0.0060739 0.0101527 0.0121753 0.0142571 0.0163421 0.0184465 0.0121861 0.0121821 0.0163541 0.0224250 0.0203837 0.0143043 0.0121885 0.0101501 0.0163078 0.0522876 0.0542517 0.0565135 0.0081145 0.0142436 0.0163569 0.0081013 0.0081145 0.0101530 0.0184465 0.0081145 0.0142597 0.0163166 0.0183913 0.0163602 0.0122127 0.0163591 0.0184528 0.0225063 0.0247372 0.0101647 0.0395643 0.0204696 0.0142532 0.0081145 0.0040420 0.0520583 0.0204463 0.0142772 0.0060646 0.0142406 0.0226471 0.0081124 0.0184528 0.0142685 0.0142815 0.0122127 0.0060646 0.0142508 0.0163536 0.0142532 0.0163390 0.0162503 0.0205330 0.0226471 0.0163578 0.0183895 0.0142869 0.0101657 0.0122140 0.0101301 0.0142698 0.0163330 0.0522876 0.0309614 0.0122262 0.0183842 0.0040372 0.0224101 0.0267822 0.0205104 0.0040464 0.0205660 0.0205131 0.0101501 0.0121885 0.0225181 0.0205475 0.0226066 0.0162925 0.0203888 0.0081226 0.0142977 0.0101492 0.0121878 0.0163245 0.0183341 0.0246534 0.0122140 0.0101392 0.0142171 0.0247424 0.0246903 0.0081120 0.0121929 0.0081086 0.0330218 0.0122133 0.0060733 0.0543979 0.0121820 0.0184283 0.0142365 0.0101527 0.0101427 0.0184344 0.0225181 0.0081157 0.0184381 0.0481311 0.0060708 0.0122151 0.0060760 0.0163520 0.0163035 0.0204850 0.0121874 0.0121874 0.0142247 0.0142337 0.0393328 0.0226072 0.0122235 0.0204903 0.0268375 0.0101630 0.0204053 0.0081149 0.0204467 0.0020187 0.0142203 0.0101443 0.0224122 0.0081120 0.0142436 0.0081013 0.0142837 0.0101528 0.0142595 0.0122018 0.0121795 0.0060739 0.0204053 0.0184452 0.0288673 
G10659     0.0457654 0.0565135 0.0650021 0.0650655 0.0543028 0.0544016 0.0565135 0.0000000 0.0521622 0.0521687 0.0521687 0.0586265 0.0455893 0.0607413 0.0499732 0.0695358 0.0630985 0.0783968 0.0653585 0.0607641 0.0544016 0.0585888 0.0520917 0.0607838 0.0630113 0.0788075 0.0651824 0.0564851 0.0564866 0.0631513 0.0543018 0.0561211 0.0564643 0.0610513 0.0699764 0.0609912 0.0564899 0.0610039 0.0654163 0.0563839 0.0455893 0.0544149 0.0565395 0.0587286 0.0759701 0.0499732 0.0542988 0.0476772 0.0586639 0.0609427 0.0632675 0.0564006 0.0563839 0.0609905 0.0671005 0.0649987 0.0588680 0.0564142 0.0542867 0.0608102 0.0162241 0.0223541 0.0000010 0.0521622 0.0586054 0.0610039 0.0520730 0.0521622 0.0543028 0.0632675 0.0521622 0.0586755 0.0608454 0.0630708 0.0610180 0.0565311 0.0610120 0.0632881 0.0673563 0.0700075 0.0543669 0.0632606 0.0652848 0.0586449 0.0521622 0.0566174 0.0202818 0.0652026 0.0587489 0.0542934 0.0585929 0.0677964 0.0521469 0.0632881 0.0587112 0.0587647 0.0565311 0.0542934 0.0586333 0.0609912 0.0586449 0.0609288 0.0605867 0.0654960 0.0677964 0.0610107 0.0630650 0.0587905 0.0543723 0.0565367 0.0541740 0.0587142 0.0609065 0.0162241 0.0586568 0.0565962 0.0630462 0.0608845 0.0582771 0.0720828 0.0654228 0.0610300 0.0656008 0.0654289 0.0542867 0.0564142 0.0673925 0.0655423 0.0676746 0.0607527 0.0650167 0.0522168 0.0588370 0.0587157 0.0564105 0.0608751 0.0628615 0.0697580 0.0565367 0.0542256 0.0584877 0.0700195 0.0698765 0.0521454 0.0564340 0.0521224 0.0785820 0.0609980 0.0543736 0.0182580 0.0563802 0.0632047 0.0585744 0.0542988 0.0542452 0.0632265 0.0673925 0.0521687 0.0632415 0.0720517 0.0543510 0.0565438 0.0544016 0.0609843 0.0607930 0.0653341 0.0564062 0.0564062 0.0585232 0.0585619 0.0628841 0.0676767 0.0565855 0.0653570 0.0722369 0.0543564 0.0650703 0.0565881 0.0652076 0.0587856 0.0585043 0.0586894 0.0670633 0.0521454 0.0586054 0.0520730 0.0587780 0.0543018 0.0586720 0.0564773 0.0476944 0.0543790 0.0650703 0.0632612 0.0742684 
G10658     0.0184339 0.0081145 0.0162580 0.0162718 0.0060731 0.0060838 0.0081145 0.0521622 0.0000000 0.0040454 0.0040454 0.0101466 0.0060669 0.0121801 0.0020185 0.0204183 0.0142676 0.0287382 0.0163430 0.0121841 0.0060838 0.0101405 0.0040397 0.0121879 0.0142480 0.0288823 0.0163007 0.0081107 0.0081105 0.0142780 0.0060730 0.0540866 0.0081075 0.0122391 0.0205434 0.0122273 0.0081111 0.0122298 0.0163558 0.0080965 0.0060669 0.0060851 0.0081181 0.0101633 0.0265814 0.0020185 0.0060729 0.0080918 0.0101523 0.0122188 0.0143028 0.0080992 0.0080965 0.0122277 0.0182914 0.0162568 0.0101858 0.0081007 0.0060714 0.0121932 0.0479528 0.0499211 0.0521622 0.0040448 0.0101427 0.0122298 0.0040383 0.0040448 0.0060731 0.0143028 0.0040448 0.0101542 0.0121997 0.0142602 0.0122322 0.0081168 0.0122314 0.0143077 0.0183574 0.0205500 0.0060801 0.0352878 0.0163250 0.0101495 0.0040448 0.0081289 0.0477435 0.0163067 0.0101666 0.0060723 0.0101406 0.0184717 0.0040438 0.0143077 0.0101604 0.0101697 0.0081168 0.0060723 0.0101479 0.0122273 0.0101495 0.0122165 0.0121504 0.0163755 0.0184717 0.0122304 0.0142588 0.0101734 0.0060807 0.0081176 0.0060595 0.0101614 0.0122120 0.0479528 0.0267497 0.0081257 0.0142547 0.0122071 0.0182792 0.0225914 0.0163575 0.0122351 0.0164017 0.0163597 0.0060714 0.0081007 0.0183670 0.0163861 0.0184389 0.0121818 0.0162608 0.0040488 0.0101812 0.0101621 0.0081003 0.0122057 0.0142160 0.0204808 0.0081176 0.0060649 0.0101240 0.0205544 0.0205112 0.0040436 0.0081037 0.0040419 0.0288042 0.0122288 0.0060810 0.0500551 0.0080964 0.0142888 0.0101377 0.0060729 0.0060669 0.0142935 0.0183670 0.0040454 0.0142963 0.0438066 0.0060785 0.0081183 0.0060838 0.0122261 0.0121901 0.0163373 0.0081000 0.0081000 0.0101284 0.0101357 0.0350824 0.0184393 0.0081239 0.0163414 0.0226377 0.0060791 0.0162740 0.0081252 0.0163069 0.0101729 0.0101262 0.0101572 0.0182810 0.0040436 0.0101427 0.0040383 0.0101712 0.0060730 0.0101540 0.0081096 0.0080948 0.0060816 0.0162740 0.0143019 0.0246664 
G10656     0.0184365 0.0040403 0.0162604 0.0162751 0.0060741 0.0020195 0.0040403 0.0521687 0.0040454 0.0000000 0.0000010 0.0060625 0.0060679 0.0121819 0.0020188 0.0204212 0.0142698 0.0287422 0.0163454 0.0121859 0.0020195 0.0101420 0.0040403 0.0121897 0.0101345 0.0288864 0.0121742 0.0081119 0.0081117 0.0142801 0.0060739 0.0540933 0.0081087 0.0122409 0.0205464 0.0122291 0.0081124 0.0122316 0.0163582 0.0080977 0.0060679 0.0060861 0.0081193 0.0101649 0.0265851 0.0020188 0.0060739 0.0080933 0.0101538 0.0122206 0.0143049 0.0081004 0.0080977 0.0122295 0.0182941 0.0162592 0.0101873 0.0081020 0.0060723 0.0121950 0.0479589 0.0499274 0.0521687 0.0040454 0.0101443 0.0122316 0.0040389 0.0040454 0.0060741 0.0143049 0.0040454 0.0101557 0.0122015 0.0142623 0.0122340 0.0081180 0.0122332 0.0143099 0.0183601 0.0205530 0.0060810 0.0352926 0.0163274 0.0101511 0.0040454 0.0040475 0.0477496 0.0163091 0.0101681 0.0020148 0.0101421 0.0184744 0.0040444 0.0143099 0.0101620 0.0101712 0.0081180 0.0020148 0.0101494 0.0122291 0.0101511 0.0122183 0.0121522 0.0163779 0.0184744 0.0122322 0.0142609 0.0101750 0.0060816 0.0081189 0.0060606 0.0101629 0.0122138 0.0479589 0.0267534 0.0081269 0.0142568 0.0081040 0.0182819 0.0225946 0.0163599 0.0081226 0.0164041 0.0163621 0.0060723 0.0081020 0.0183697 0.0163885 0.0184415 0.0121836 0.0162632 0.0040494 0.0101827 0.0060718 0.0081015 0.0122075 0.0142184 0.0204838 0.0081189 0.0060658 0.0101255 0.0205574 0.0205141 0.0040442 0.0081049 0.0040425 0.0288082 0.0081184 0.0020186 0.0500614 0.0080977 0.0142909 0.0101392 0.0060739 0.0060679 0.0142956 0.0183697 0.0040461 0.0142984 0.0438124 0.0020177 0.0081196 0.0020195 0.0122279 0.0121919 0.0163397 0.0081013 0.0081013 0.0101309 0.0101373 0.0350871 0.0184420 0.0081251 0.0163438 0.0226409 0.0060800 0.0162764 0.0040457 0.0163093 0.0060782 0.0101284 0.0060689 0.0182836 0.0040442 0.0101443 0.0040389 0.0101727 0.0060739 0.0101556 0.0081108 0.0080960 0.0020188 0.0162764 0.0143040 0.0246699 
G10655     0.0184365 0.0040403 0.0162604 0.0162751 0.0060741 0.0020195 0.0040403 0.0521687 0.0040454 0.0000010 0.0000000 0.0060625 0.0060679 0.0121819 0.0020188 0.0204212 0.0142698 0.0287422 0.0163454 0.0121859 0.0020195 0.0101420 0.0040403 0.0121897 0.0101345 0.0288864 0.0121742 0.0081119 0.0081117 0.0142801 0.0060739 0.0540933 0.0081087 0.0122409 0.0205464 0.0122291 0.0081124 0.0122316 0.0163582 0.0080977 0.0060679 0.0060861 0.0081193 0.0101649 0.0265851 0.0020188 0.0060739 0.0080933 0.0101538 0.0122206 0.0143049 0.0081004 0.0080977 0.0122295 0.0182941 0.0162592 0.0101873 0.0081020 0.0060723 0.0121950 0.0479589 0.0499274 0.0521687 0.0040454 0.0101443 0.0122316 0.0040389 0.0040454 0.0060741 0.0143049 0.0040454 0.0101557 0.0122015 0.0142623 0.0122340 0.0081180 0.0122332 0.0143099 0.0183601 0.0205530 0.0060810 0.0352926 0.0163274 0.0101511 0.0040454 0.0040475 0.0477496 0.0163091 0.0101681 0.0020148 0.0101421 0.0184744 0.0040444 0.0143099 0.0101620 0.0101712 0.0081180 0.0020148 0.0101494 0.0122291 0.0101511 0.0122183 0.0121522 0.0163779 0.0184744 0.0122322 0.0142609 0.0101750 0.0060816 0.0081189 0.0060606 0.0101629 0.0122138 0.0479589 0.0267534 0.0081269 0.0142568 0.0081040 0.0182819 0.0225946 0.0163599 0.0081226 0.0164041 0.0163621 0.0060723 0.0081020 0.0183697 0.0163885 0.0184415 0.0121836 0.0162632 0.0040494 0.0101827 0.0060718 0.0081015 0.0122075 0.0142184 0.0204838 0.0081189 0.0060658 0.0101255 0.0205574 0.0205141 0.0040442 0.0081049 0.0040425 0.0288082 0.0081184 0.0020186 0.0500614 0.0080977 0.0142909 0.0101392 0.0060739 0.0060679 0.0142956 0.0183697 0.0040461 0.0142984 0.0438124 0.0020177 0.0081196 0.0020195 0.0122279 0.0121919 0.0163397 0.0081013 0.0081013 0.0101309 0.0101373 0.0350871 0.0184420 0.0081251 0.0163438 0.0226409 0.0060800 0.0162764 0.0040457 0.0163093 0.0060782 0.0101284 0.0060689 0.0182836 0.0040442 0.0101443 0.0040389 0.0101727 0.0060739 0.0101556 0.0081108 0.0080960 0.0020188 0.0162764 0.0143040 0.0246699 
G10798     0.0246639 0.0020135 0.0224312 0.0224517 0.0121878 0.0040350 0.0020135 0.0586265 0.0101466 0.0060625 0.0060625 0.0000000 0.0121753 0.0183327 0.0081013 0.0266351 0.0204524 0.0350170 0.0225493 0.0183388 0.0040350 0.0162802 0.0101336 0.0183446 0.0080806 0.0351925 0.0101114 0.0142423 0.0142420 0.0204676 0.0121876 0.0605379 0.0142367 0.0184220 0.0267989 0.0184043 0.0142431 0.0184080 0.0225672 0.0142173 0.0121753 0.0122121 0.0142554 0.0163172 0.0328281 0.0081013 0.0121874 0.0142094 0.0162995 0.0183912 0.0205034 0.0142220 0.0142173 0.0184048 0.0244717 0.0224296 0.0163536 0.0142247 0.0121843 0.0183526 0.0543979 0.0563572 0.0586265 0.0101466 0.0162840 0.0184080 0.0101301 0.0101466 0.0121878 0.0205034 0.0101466 0.0163025 0.0183625 0.0204419 0.0184117 0.0142532 0.0184105 0.0205104 0.0245607 0.0268079 0.0122018 0.0416612 0.0225244 0.0162949 0.0101466 0.0060651 0.0541586 0.0224986 0.0163225 0.0080889 0.0162805 0.0247144 0.0101439 0.0205104 0.0163126 0.0163274 0.0142532 0.0080889 0.0162922 0.0184043 0.0162949 0.0183877 0.0182877 0.0225943 0.0247144 0.0184091 0.0204399 0.0163336 0.0122031 0.0142546 0.0121602 0.0163140 0.0183810 0.0543979 0.0330371 0.0142689 0.0204340 0.0060578 0.0244555 0.0288526 0.0225694 0.0060717 0.0226304 0.0225724 0.0121843 0.0142247 0.0245736 0.0226091 0.0246705 0.0183354 0.0224352 0.0101567 0.0163460 0.0121832 0.0142239 0.0183714 0.0203781 0.0267172 0.0142546 0.0121707 0.0162535 0.0268135 0.0267574 0.0101435 0.0142299 0.0101392 0.0350978 0.0142538 0.0081005 0.0565096 0.0142171 0.0204832 0.0162758 0.0121874 0.0121753 0.0204900 0.0245736 0.0101482 0.0204941 0.0502410 0.0080971 0.0142559 0.0081042 0.0184024 0.0183478 0.0225413 0.0142234 0.0142234 0.0162623 0.0162718 0.0414172 0.0246712 0.0142658 0.0225472 0.0289119 0.0121998 0.0224535 0.0101471 0.0224991 0.0040387 0.0162573 0.0121773 0.0244577 0.0101435 0.0162840 0.0101301 0.0163300 0.0121876 0.0163022 0.0142404 0.0142143 0.0081013 0.0224535 0.0205019 0.0309402 
G10799     0.0122078 0.0101427 0.0182891 0.0183058 0.0080971 0.0081113 0.0101427 0.0455893 0.0060669 0.0060679 0.0060679 0.0121753 0.0000000 0.0142093 0.0040367 0.0224588 0.0163051 0.0307891 0.0183851 0.0142141 0.0081113 0.0121679 0.0060592 0.0142184 0.0162826 0.0309429 0.0183373 0.0101379 0.0101376 0.0163170 0.0080969 0.0475201 0.0101339 0.0142784 0.0225957 0.0142646 0.0101384 0.0142675 0.0183996 0.0101201 0.0000010 0.0081132 0.0101472 0.0121955 0.0286242 0.0040367 0.0080969 0.0020098 0.0121822 0.0142546 0.0163455 0.0101234 0.0101201 0.0142651 0.0203224 0.0182878 0.0122225 0.0101254 0.0080948 0.0142247 0.0414143 0.0433837 0.0455893 0.0060669 0.0121707 0.0142675 0.0060571 0.0060669 0.0080971 0.0163455 0.0060669 0.0121844 0.0142323 0.0162966 0.0142704 0.0101455 0.0142694 0.0163511 0.0203955 0.0226029 0.0081064 0.0288626 0.0183648 0.0121788 0.0060669 0.0101607 0.0412343 0.0183440 0.0121994 0.0080960 0.0121680 0.0205222 0.0060654 0.0163511 0.0121920 0.0122030 0.0101455 0.0080960 0.0121768 0.0142646 0.0121788 0.0142519 0.0141746 0.0184217 0.0205222 0.0142682 0.0162950 0.0122076 0.0081072 0.0101466 0.0080789 0.0121931 0.0142467 0.0414143 0.0204395 0.0101567 0.0162903 0.0142410 0.0121058 0.0246441 0.0184015 0.0142738 0.0184501 0.0184039 0.0080948 0.0101254 0.0204067 0.0184337 0.0204868 0.0142113 0.0182923 0.0060730 0.0122169 0.0121940 0.0101248 0.0142393 0.0162460 0.0225279 0.0101466 0.0080861 0.0121480 0.0226077 0.0225615 0.0060651 0.0101284 0.0060625 0.0308600 0.0142664 0.0081076 0.0434997 0.0101200 0.0163294 0.0121646 0.0080969 0.0080889 0.0163348 0.0204067 0.0060679 0.0163380 0.0372914 0.0081043 0.0101475 0.0081113 0.0142632 0.0142210 0.0183787 0.0101245 0.0101245 0.0121546 0.0121622 0.0328749 0.0204874 0.0101545 0.0183833 0.0246934 0.0081051 0.0183072 0.0101561 0.0183443 0.0122070 0.0121508 0.0121881 0.0203108 0.0060651 0.0121707 0.0060571 0.0122049 0.0080969 0.0121843 0.0101365 0.0020105 0.0081085 0.0183072 0.0163444 0.0267208 
G10881     0.0267287 0.0162902 0.0244784 0.0203310 0.0101173 0.0142490 0.0162902 0.0607413 0.0121801 0.0121819 0.0121819 0.0183327 0.0142093 0.0000000 0.0101301 0.0244899 0.0225054 0.0370894 0.0204194 0.0203834 0.0142490 0.0183214 0.0121644 0.0203897 0.0224744 0.0372759 0.0245434 0.0162824 0.0121602 0.0183491 0.0142236 0.0626477 0.0121557 0.0204761 0.0246396 0.0204563 0.0162834 0.0162991 0.0246273 0.0121391 0.0142093 0.0142523 0.0162975 0.0142223 0.0306548 0.0101301 0.0142234 0.0162447 0.0183432 0.0162843 0.0225616 0.0162591 0.0121391 0.0162963 0.0265196 0.0244767 0.0184043 0.0162623 0.0142198 0.0162500 0.0565100 0.0584643 0.0607413 0.0121801 0.0183257 0.0162991 0.0121602 0.0121801 0.0101173 0.0225616 0.0121801 0.0142094 0.0204097 0.0224939 0.0204647 0.0162949 0.0163013 0.0183875 0.0224259 0.0288790 0.0142403 0.0437597 0.0245805 0.0183380 0.0121801 0.0163193 0.0562605 0.0245522 0.0183692 0.0142219 0.0183217 0.0267822 0.0121768 0.0183875 0.0183579 0.0142311 0.0162949 0.0142219 0.0142004 0.0204563 0.0142028 0.0204378 0.0203263 0.0204602 0.0267822 0.0204617 0.0183243 0.0142365 0.0142418 0.0121707 0.0141916 0.0183595 0.0162752 0.0565100 0.0351142 0.0163129 0.0183190 0.0204223 0.0265021 0.0309244 0.0246298 0.0204694 0.0204918 0.0204403 0.0142198 0.0162623 0.0266304 0.0246732 0.0267359 0.0203795 0.0203160 0.0121923 0.0183957 0.0183607 0.0121448 0.0162667 0.0224233 0.0287823 0.0121707 0.0101035 0.0182912 0.0246528 0.0288259 0.0121763 0.0121499 0.0121707 0.0371751 0.0204589 0.0142424 0.0586229 0.0162535 0.0225394 0.0141861 0.0142234 0.0142093 0.0225469 0.0266304 0.0121819 0.0225515 0.0523527 0.0142365 0.0121721 0.0142490 0.0204543 0.0203933 0.0204122 0.0162608 0.0162608 0.0183012 0.0141834 0.0435031 0.0225268 0.0163094 0.0246056 0.0309877 0.0142380 0.0245029 0.0163117 0.0203739 0.0183807 0.0182955 0.0183519 0.0265045 0.0121763 0.0183257 0.0121602 0.0142333 0.0142236 0.0183462 0.0162802 0.0162503 0.0142439 0.0245029 0.0183799 0.0330144 
G10890     0.0163530 0.0060739 0.0141977 0.0142105 0.0040408 0.0040479 0.0060739 0.0499732 0.0020185 0.0020188 0.0020188 0.0081013 0.0040367 0.0101301 0.0000000 0.0183400 0.0122053 0.0266320 0.0142718 0.0101334 0.0040479 0.0080964 0.0020159 0.0101366 0.0121885 0.0267645 0.0142349 0.0060711 0.0060709 0.0122141 0.0040407 0.0518999 0.0060687 0.0101791 0.0184513 0.0101693 0.0060714 0.0101713 0.0142830 0.0060606 0.0040367 0.0040488 0.0060766 0.0081147 0.0244877 0.0000010 0.0040407 0.0060571 0.0081058 0.0101622 0.0122353 0.0060625 0.0060606 0.0101697 0.0162269 0.0141966 0.0081326 0.0060636 0.0040397 0.0101410 0.0457743 0.0477435 0.0499732 0.0020185 0.0080982 0.0101713 0.0020148 0.0020185 0.0040408 0.0122353 0.0020185 0.0081073 0.0101464 0.0121988 0.0101734 0.0060756 0.0101727 0.0122395 0.0162854 0.0184570 0.0040454 0.0331444 0.0142561 0.0081037 0.0020185 0.0060847 0.0455748 0.0142401 0.0081173 0.0040403 0.0080965 0.0163857 0.0020179 0.0122395 0.0081123 0.0081197 0.0060756 0.0040403 0.0081024 0.0101693 0.0081037 0.0101604 0.0101054 0.0143001 0.0163857 0.0101718 0.0121976 0.0081227 0.0040459 0.0060763 0.0040318 0.0081131 0.0101566 0.0457743 0.0246426 0.0060823 0.0121941 0.0101526 0.0162160 0.0204967 0.0142844 0.0101758 0.0143221 0.0142864 0.0040397 0.0060636 0.0162939 0.0143094 0.0163575 0.0101315 0.0142001 0.0020204 0.0081289 0.0081137 0.0060633 0.0101513 0.0121612 0.0183961 0.0060763 0.0040350 0.0080833 0.0184610 0.0184232 0.0020178 0.0060658 0.0020170 0.0266932 0.0101706 0.0040461 0.0478714 0.0060606 0.0122232 0.0080942 0.0040407 0.0040367 0.0122273 0.0162939 0.0020188 0.0122297 0.0416351 0.0040444 0.0060768 0.0040479 0.0101683 0.0101384 0.0142669 0.0060631 0.0060631 0.0080876 0.0080918 0.0329521 0.0163579 0.0060809 0.0142704 0.0205384 0.0040448 0.0142116 0.0060819 0.0142403 0.0081223 0.0080851 0.0081098 0.0162176 0.0020178 0.0080982 0.0020148 0.0081209 0.0040407 0.0081072 0.0060703 0.0060592 0.0040465 0.0142116 0.0122345 0.0225657 
G10846     0.0351598 0.0245779 0.0328286 0.0286289 0.0141851 0.0225220 0.0245779 0.0695358 0.0204183 0.0204212 0.0204212 0.0266351 0.0224588 0.0244899 0.0183400 0.0000000 0.0308690 0.0455997 0.0287542 0.0287035 0.0225220 0.0266186 0.0203917 0.0287116 0.0308264 0.0458306 0.0329165 0.0245660 0.0203846 0.0224601 0.0224816 0.0714272 0.0162316 0.0288350 0.0330457 0.0288071 0.0245676 0.0204044 0.0330300 0.0203489 0.0224588 0.0225272 0.0245889 0.0183129 0.0306297 0.0183400 0.0224811 0.0245088 0.0266507 0.0245687 0.0309471 0.0245305 0.0203489 0.0245870 0.0348819 0.0328264 0.0267401 0.0245356 0.0224755 0.0245167 0.0652725 0.0672170 0.0695358 0.0204183 0.0266250 0.0204044 0.0203846 0.0204183 0.0141851 0.0309471 0.0204183 0.0224589 0.0287409 0.0308537 0.0288190 0.0245851 0.0245947 0.0267151 0.0265425 0.0373518 0.0225081 0.0524086 0.0329666 0.0266429 0.0204183 0.0246220 0.0649816 0.0329280 0.0266886 0.0224788 0.0266193 0.0352317 0.0204127 0.0267151 0.0266721 0.0224932 0.0245851 0.0224788 0.0182846 0.0288071 0.0224482 0.0287804 0.0286225 0.0288121 0.0352317 0.0288150 0.0266229 0.0183309 0.0225104 0.0204027 0.0224306 0.0266742 0.0245548 0.0652725 0.0436337 0.0246125 0.0266152 0.0287587 0.0348591 0.0394028 0.0330334 0.0288255 0.0288568 0.0287839 0.0224755 0.0245356 0.0350289 0.0330929 0.0351690 0.0286981 0.0286077 0.0204389 0.0267273 0.0266757 0.0121348 0.0245421 0.0307558 0.0372241 0.0204027 0.0182913 0.0265743 0.0330638 0.0372816 0.0204119 0.0203670 0.0204031 0.0457055 0.0288106 0.0225113 0.0674010 0.0245220 0.0309166 0.0224217 0.0224811 0.0224588 0.0309270 0.0350289 0.0204212 0.0309335 0.0610959 0.0225020 0.0162536 0.0225220 0.0288042 0.0287174 0.0287440 0.0245330 0.0245330 0.0265892 0.0182626 0.0520980 0.0266626 0.0246074 0.0330009 0.0394845 0.0225043 0.0328617 0.0246103 0.0286898 0.0267053 0.0265808 0.0266631 0.0348620 0.0204119 0.0266250 0.0203846 0.0224970 0.0224816 0.0266550 0.0245627 0.0245173 0.0225136 0.0328617 0.0267040 0.0415126 
G10847     0.0289038 0.0184008 0.0266266 0.0266511 0.0163218 0.0163506 0.0184008 0.0630985 0.0142676 0.0142698 0.0142698 0.0204524 0.0163051 0.0225054 0.0122053 0.0308690 0.0000000 0.0393112 0.0267671 0.0225130 0.0163506 0.0204399 0.0142492 0.0225201 0.0246174 0.0395105 0.0266973 0.0183921 0.0183918 0.0246697 0.0163215 0.0650060 0.0183849 0.0226163 0.0310599 0.0225935 0.0183932 0.0225981 0.0267895 0.0183597 0.0163051 0.0163544 0.0184090 0.0204865 0.0370960 0.0122053 0.0163212 0.0183495 0.0204642 0.0225774 0.0247142 0.0183657 0.0183597 0.0225941 0.0286764 0.0266240 0.0205323 0.0183694 0.0163171 0.0225299 0.0588486 0.0608051 0.0630985 0.0142676 0.0204447 0.0225981 0.0142444 0.0142676 0.0163218 0.0247142 0.0142676 0.0204680 0.0225421 0.0246388 0.0226027 0.0184062 0.0226011 0.0247227 0.0287810 0.0310706 0.0163406 0.0460349 0.0267375 0.0204584 0.0142676 0.0184337 0.0585875 0.0267067 0.0204931 0.0163195 0.0204403 0.0289624 0.0142638 0.0247227 0.0204806 0.0204992 0.0184062 0.0163195 0.0204549 0.0225935 0.0204584 0.0225730 0.0224500 0.0268221 0.0289624 0.0225995 0.0246365 0.0205071 0.0163423 0.0184080 0.0162848 0.0204823 0.0225647 0.0588486 0.0373337 0.0184265 0.0246293 0.0225559 0.0286575 0.0331225 0.0267923 0.0226079 0.0268642 0.0267957 0.0163171 0.0183694 0.0287961 0.0268400 0.0289115 0.0225087 0.0266315 0.0142819 0.0205227 0.0204836 0.0183684 0.0225531 0.0245616 0.0309643 0.0184080 0.0162995 0.0204062 0.0310770 0.0310128 0.0142632 0.0183760 0.0142572 0.0394018 0.0225963 0.0163430 0.0609700 0.0183594 0.0246887 0.0204344 0.0163212 0.0163051 0.0246969 0.0287961 0.0142698 0.0247030 0.0546751 0.0163362 0.0184098 0.0163506 0.0225913 0.0225239 0.0267576 0.0183676 0.0183676 0.0204174 0.0204304 0.0457631 0.0289123 0.0184226 0.0267649 0.0331903 0.0163379 0.0266532 0.0184251 0.0267075 0.0205059 0.0204110 0.0204739 0.0286601 0.0142632 0.0204447 0.0142444 0.0205025 0.0163215 0.0204675 0.0183896 0.0183558 0.0163447 0.0266532 0.0247123 0.0352230 
G10769     0.0436690 0.0329460 0.0412557 0.0412946 0.0308212 0.0308763 0.0329460 0.0783968 0.0287382 0.0287422 0.0287422 0.0350170 0.0307891 0.0370894 0.0266320 0.0455997 0.0393112 0.0000000 0.0414771 0.0371026 0.0308763 0.0349951 0.0287004 0.0329129 0.0392569 0.0544611 0.0413673 0.0329300 0.0329300 0.0393419 0.0308206 0.0802720 0.0329174 0.0372737 0.0458837 0.0330217 0.0329323 0.0372452 0.0372713 0.0328716 0.0307891 0.0308835 0.0329609 0.0350765 0.0518927 0.0266320 0.0308196 0.0328527 0.0308431 0.0372100 0.0351794 0.0328819 0.0328716 0.0372380 0.0433202 0.0370406 0.0309469 0.0287104 0.0266413 0.0371306 0.0741035 0.0760364 0.0783968 0.0245750 0.0308133 0.0372452 0.0286903 0.0287382 0.0308212 0.0351794 0.0287382 0.0350447 0.0329454 0.0350730 0.0330354 0.0287686 0.0372501 0.0394250 0.0434812 0.0416286 0.0266800 0.0611308 0.0371994 0.0308340 0.0245750 0.0330056 0.0737699 0.0371554 0.0308871 0.0308164 0.0308067 0.0394964 0.0287302 0.0394250 0.0350662 0.0350982 0.0287686 0.0308164 0.0350212 0.0330217 0.0350276 0.0372023 0.0369969 0.0415613 0.0394964 0.0330309 0.0392885 0.0351125 0.0266827 0.0329592 0.0307499 0.0350688 0.0371886 0.0741035 0.0522283 0.0329929 0.0392770 0.0371745 0.0432921 0.0436829 0.0372750 0.0372613 0.0416279 0.0415201 0.0266413 0.0287104 0.0392680 0.0415906 0.0394258 0.0370955 0.0412639 0.0287675 0.0309320 0.0350705 0.0328870 0.0371694 0.0391660 0.0457427 0.0329592 0.0307783 0.0349363 0.0459101 0.0415502 0.0287291 0.0329008 0.0287167 0.0543099 0.0372420 0.0308613 0.0762466 0.0328704 0.0351448 0.0349860 0.0308196 0.0307891 0.0351566 0.0392680 0.0287422 0.0351641 0.0699095 0.0308485 0.0329627 0.0308763 0.0162510 0.0329184 0.0414621 0.0328853 0.0328853 0.0307715 0.0349789 0.0607651 0.0436813 0.0329862 0.0372383 0.0437741 0.0308516 0.0412978 0.0329896 0.0413832 0.0351101 0.0349452 0.0350541 0.0432955 0.0287291 0.0308133 0.0286903 0.0351048 0.0308206 0.0308479 0.0329255 0.0328643 0.0308645 0.0412978 0.0394086 0.0458030 
G10768     0.0310407 0.0204922 0.0287409 0.0245527 0.0142538 0.0184365 0.0204922 0.0653585 0.0163430 0.0163454 0.0163454 0.0225493 0.0183851 0.0204194 0.0142718 0.0287542 0.0267671 0.0414771 0.0000000 0.0246161 0.0184365 0.0225354 0.0163219 0.0246238 0.0267304 0.0416882 0.0288173 0.0204824 0.0163163 0.0225695 0.0184036 0.0672645 0.0163103 0.0247295 0.0289316 0.0247054 0.0204837 0.0205034 0.0289174 0.0162880 0.0183851 0.0184407 0.0205013 0.0184018 0.0349656 0.0142718 0.0184032 0.0204350 0.0225623 0.0204847 0.0268359 0.0204530 0.0162880 0.0204998 0.0307957 0.0287390 0.0226388 0.0204572 0.0183987 0.0204416 0.0610968 0.0630524 0.0653585 0.0163430 0.0225408 0.0205034 0.0163163 0.0163430 0.0142538 0.0268359 0.0163430 0.0183851 0.0246479 0.0267537 0.0247156 0.0204981 0.0205061 0.0226177 0.0266726 0.0332197 0.0184252 0.0482424 0.0288608 0.0225559 0.0163430 0.0205288 0.0608247 0.0288274 0.0225942 0.0184014 0.0225359 0.0311037 0.0163387 0.0226177 0.0225804 0.0184132 0.0204981 0.0184014 0.0183735 0.0247054 0.0183766 0.0246817 0.0245472 0.0247099 0.0311037 0.0247121 0.0225390 0.0184202 0.0184271 0.0163308 0.0183622 0.0225822 0.0204732 0.0610968 0.0395004 0.0205208 0.0225325 0.0246631 0.0307755 0.0352752 0.0289204 0.0247213 0.0247486 0.0246847 0.0183987 0.0204572 0.0309244 0.0289720 0.0310489 0.0246115 0.0245346 0.0163594 0.0226280 0.0225836 0.0162956 0.0204626 0.0266696 0.0331066 0.0163308 0.0142343 0.0224983 0.0289475 0.0331578 0.0163380 0.0163024 0.0163310 0.0415739 0.0247084 0.0184279 0.0632251 0.0204460 0.0268092 0.0183550 0.0184032 0.0183851 0.0268182 0.0309244 0.0163454 0.0268238 0.0569146 0.0184202 0.0163323 0.0184365 0.0247029 0.0246280 0.0246508 0.0204551 0.0204551 0.0225106 0.0183514 0.0479562 0.0267938 0.0205165 0.0288916 0.0353475 0.0184221 0.0287697 0.0205192 0.0246046 0.0226083 0.0225036 0.0225729 0.0307781 0.0163380 0.0225408 0.0163163 0.0184161 0.0184036 0.0225660 0.0204796 0.0204420 0.0184298 0.0287697 0.0226073 0.0373825 
G10842     0.0267379 0.0162956 0.0244868 0.0245093 0.0142286 0.0142538 0.0162956 0.0607641 0.0121841 0.0121859 0.0121859 0.0183388 0.0142141 0.0203834 0.0101334 0.0287035 0.0225130 0.0371026 0.0246161 0.0000000 0.0142538 0.0183276 0.0121684 0.0203967 0.0224820 0.0372890 0.0245518 0.0162879 0.0162876 0.0225298 0.0142284 0.0626712 0.0162815 0.0204830 0.0288792 0.0204632 0.0162888 0.0204674 0.0246357 0.0162592 0.0142141 0.0142570 0.0163029 0.0183694 0.0349038 0.0101334 0.0142281 0.0162501 0.0183493 0.0204486 0.0225693 0.0162646 0.0162592 0.0204638 0.0265288 0.0244851 0.0184104 0.0162678 0.0142245 0.0204056 0.0565309 0.0584861 0.0607641 0.0121841 0.0183309 0.0204674 0.0121642 0.0121841 0.0142286 0.0225693 0.0121841 0.0183528 0.0204166 0.0225015 0.0204716 0.0163003 0.0204701 0.0225770 0.0266256 0.0288900 0.0142451 0.0437755 0.0245889 0.0183442 0.0121841 0.0163247 0.0562814 0.0245606 0.0183753 0.0142267 0.0183279 0.0267925 0.0121809 0.0225770 0.0183641 0.0183808 0.0163003 0.0142267 0.0183411 0.0204632 0.0183442 0.0204447 0.0203332 0.0246654 0.0267925 0.0204686 0.0224993 0.0183878 0.0142465 0.0163020 0.0141964 0.0183657 0.0204372 0.0565309 0.0351265 0.0163184 0.0224928 0.0204292 0.0265113 0.0309351 0.0246382 0.0204763 0.0247046 0.0246414 0.0142245 0.0162678 0.0266396 0.0246816 0.0267450 0.0203864 0.0244913 0.0121963 0.0184018 0.0183669 0.0162668 0.0204266 0.0224310 0.0287922 0.0163020 0.0142092 0.0182974 0.0288960 0.0288358 0.0081012 0.0162736 0.0121752 0.0371883 0.0204658 0.0142472 0.0586448 0.0162589 0.0225471 0.0183226 0.0142281 0.0142141 0.0225545 0.0266396 0.0121859 0.0225591 0.0523721 0.0142412 0.0163035 0.0142538 0.0204612 0.0204002 0.0246074 0.0162662 0.0162662 0.0183074 0.0183190 0.0435187 0.0267457 0.0163149 0.0246140 0.0309986 0.0142427 0.0245113 0.0163172 0.0245612 0.0183868 0.0183017 0.0183581 0.0265137 0.0081012 0.0183309 0.0121642 0.0183838 0.0142284 0.0183524 0.0162857 0.0162557 0.0142486 0.0245113 0.0225676 0.0330259 
