111
node219    0.0000000 0.0680515 0.0628538 0.0705523 0.0627571 0.0602476 0.0677330 0.0650266 0.0653105 0.0825716 0.0954822 0.0907129 0.0680515 0.0776418 0.0757506 0.0653693 0.0785076 0.0702245 0.0856649 0.0752358 0.0702245 0.0757652 0.0798476 0.0780620 0.0823604 0.0956851 0.0653693 0.0677361 0.0798476 0.0629911 0.0677361 0.0649012 0.0930498 0.0702490 0.0800134 0.0701050 0.0979387 0.0701203 0.0759337 0.0807384 0.0914885 0.0982251 0.0954822 0.0830737 0.0852425 0.1010371 0.0854886 0.0702490 0.0983057 0.0702490 0.0801993 0.0727486 0.0728425 0.0629911 0.0677214 0.0702490 0.0956489 0.0680782 0.0824077 0.0880387 0.0779111 0.0829770 0.0701203 0.0607396 0.0701029 0.0727331 0.0707353 0.0626080 0.0752178 0.0677330 0.0683037 0.0702480 0.0829770 0.0750288 0.0954822 0.0678749 0.0879060 0.0879060 0.0882378 0.0854706 0.0854706 0.1302478 0.0756081 0.0699704 0.0557256 0.0811677 0.0811677 0.0726494 0.0798476 0.0774609 0.0704326 0.0774609 0.0727502 0.0677361 0.0856484 0.0752643 0.0802638 0.0701203 0.0701050 0.0830385 0.0754210 0.0861335 0.0804863 0.0832299 0.0729249 0.0806432 0.0754210 0.0870816 0.0726158 0.0759337 0.0677361 
G22685     0.0680515 0.0000000 0.1106946 0.0022122 0.1105386 0.1077868 0.1158760 0.1128341 0.1133321 0.0178873 0.1674400 0.0484161 0.0000010 0.0088532 0.0066803 0.1397258 0.1494193 0.1450340 0.0156710 0.0066354 0.1450340 0.1461603 0.0155858 0.0088990 0.0178453 0.1678327 0.1397258 0.1422441 0.0155858 0.1371776 0.1422441 0.1333174 0.1648621 0.1450910 0.0156152 0.1447646 0.1700612 0.1447986 0.1465227 0.0111661 0.0203749 0.0555194 0.1674400 0.1540293 0.1561199 0.1738273 0.1565880 0.1450910 0.1707110 0.1450910 0.0110923 0.1478976 0.1481028 0.1371776 0.1422107 0.1450910 0.1677547 0.1429829 0.0178545 0.1593725 0.0088808 0.1538463 0.1447986 0.1086778 0.1183452 0.1212488 0.1405862 0.1309186 0.0066342 0.1158760 0.1380027 0.1450925 0.1538463 0.1502082 0.1674400 0.1425642 0.1591143 0.1591143 0.1597745 0.1565177 0.1565177 0.1715914 0.1458731 0.1181650 0.1239145 0.1523539 0.1523539 0.1476757 0.0155858 0.0133529 0.0022088 0.0133529 0.1478503 0.1422441 0.1568741 0.1506745 0.0156636 0.1447986 0.1447646 0.1539246 0.1242297 0.1577286 0.0111312 0.1543459 0.0044257 0.1514368 0.1242297 0.0223108 0.1475967 0.1465227 0.1422441 
G22684     0.0628538 0.1106946 0.0000000 0.1133553 0.0044459 0.0066715 0.1000415 0.0066639 0.0066922 0.1258315 0.1611333 0.1346583 0.1106946 0.1206358 0.1189436 0.1337466 0.1432720 0.1389977 0.1293117 0.1181402 0.1389977 0.1400727 0.1228294 0.1212995 0.1254957 0.1615067 0.1337466 0.1362433 0.1228294 0.1312217 0.1362433 0.1274518 0.1585777 0.1390516 0.1230979 0.1387423 0.1637304 0.1387745 0.1404155 0.1241991 0.1357995 0.1425231 0.1611333 0.1478614 0.1499515 0.1674224 0.1503980 0.1390516 0.1643525 0.1390516 0.1233767 0.1418220 0.1420170 0.1312217 0.1362117 0.1390516 0.1614332 0.1369466 0.1255721 0.1531523 0.1210759 0.1476866 0.1387745 0.0929280 0.1024716 0.1052776 0.1345681 0.1250722 0.1181081 0.1000415 0.1320063 0.1390527 0.1476866 0.1441223 0.1611333 0.1365465 0.1529066 0.1529066 0.1535336 0.1503337 0.1503337 0.1765681 0.1397973 0.0340884 0.1181015 0.1461741 0.1461741 0.1416116 0.1228294 0.1203634 0.1131546 0.1203634 0.1417807 0.1362433 0.1506722 0.1445684 0.1234809 0.1387745 0.1387423 0.1477645 0.0203577 0.1514919 0.1238182 0.1481620 0.1157985 0.1452928 0.0203577 0.1303376 0.1415370 0.1404155 0.1362433 
G22687     0.0705523 0.0022122 0.1133553 0.0000000 0.1131962 0.1104290 0.1185562 0.1154942 0.1160045 0.0201647 0.1703401 0.0508286 0.0022122 0.0110891 0.0089251 0.1425039 0.1522651 0.1478328 0.0179460 0.0088652 0.1478328 0.1489817 0.0178489 0.0111464 0.0201173 0.1707415 0.1425039 0.1450294 0.0178489 0.1399478 0.1450294 0.1360497 0.1677547 0.1478912 0.0178826 0.1475572 0.1729698 0.1475920 0.1493530 0.0134267 0.0226853 0.0579555 0.1703401 0.1568794 0.1589680 0.1767662 0.1594455 0.1478912 0.1736317 0.1478912 0.0133380 0.1507116 0.1509214 0.1399478 0.1449953 0.1478912 0.1706614 0.1457840 0.0201277 0.1622411 0.0111238 0.1566928 0.1475920 0.1113430 0.1210322 0.1239527 0.1433816 0.1336447 0.0088627 0.1185562 0.1407910 0.1478928 0.1566928 0.1530243 0.1703401 0.1453571 0.1619773 0.1619773 0.1626524 0.1593725 0.1593725 0.1745287 0.1486894 0.1208503 0.1266335 0.1552113 0.1552113 0.1504846 0.0178489 0.0156103 0.0044266 0.0156103 0.1506614 0.1450294 0.1597369 0.1534995 0.0179379 0.1475920 0.1475572 0.1567713 0.1269517 0.1606067 0.0133848 0.1572032 0.0066521 0.1542787 0.1269517 0.0245925 0.1504035 0.1493530 0.1450294 
G22686     0.0627571 0.1105386 0.0044459 0.1131962 0.0000000 0.0066604 0.0998981 0.0066528 0.0066811 0.1256598 0.1609279 0.1344768 0.1105386 0.1204696 0.1187781 0.1335670 0.1430814 0.1388131 0.1291357 0.1179765 0.1388131 0.1398858 0.1226614 0.1211318 0.1253248 0.1613005 0.1335670 0.1360615 0.1226614 0.1310445 0.1360615 0.1272798 0.1583743 0.1388669 0.1229293 0.1385582 0.1635230 0.1385904 0.1402279 0.1240281 0.1356156 0.1423341 0.1609279 0.1476675 0.1497563 0.1672109 0.1502020 0.1388669 0.1641439 0.1388669 0.1232074 0.1416344 0.1418290 0.1310445 0.1360299 0.1388669 0.1612272 0.1367632 0.1254010 0.1529537 0.1209087 0.1474930 0.1385904 0.0927923 0.1023256 0.1051281 0.1343868 0.1249024 0.1179445 0.0998981 0.1318274 0.1388680 0.1474930 0.1439331 0.1609279 0.1363640 0.1527086 0.1527086 0.1533342 0.1501379 0.1501379 0.1763483 0.1396109 0.0340335 0.1179378 0.1459807 0.1459807 0.1414245 0.1226614 0.1201978 0.1129960 0.1201978 0.1415933 0.1360615 0.1504756 0.1443783 0.1233114 0.1385904 0.1385582 0.1475708 0.0203240 0.1512938 0.1236480 0.1479673 0.1156369 0.1451011 0.0203240 0.1301623 0.1413500 0.1402279 0.1360615 
G22681     0.0602476 0.1077868 0.0066715 0.1104290 0.0066604 0.0000000 0.0972102 0.0088739 0.0089117 0.1228388 0.1579097 0.1315937 0.1077868 0.1176764 0.1159753 0.1307051 0.1401400 0.1359242 0.1262834 0.1151938 0.1359242 0.1369726 0.1198647 0.1183213 0.1225128 0.1582731 0.1307051 0.1331894 0.1198647 0.1281935 0.1331894 0.1244710 0.1553669 0.1359766 0.1201251 0.1356759 0.1604930 0.1357073 0.1373054 0.1211976 0.1327064 0.1394120 0.1579097 0.1447161 0.1468046 0.1641453 0.1472400 0.1359766 0.1611006 0.1359766 0.1203968 0.1387270 0.1389167 0.1281935 0.1331586 0.1359766 0.1582019 0.1338744 0.1225869 0.1499772 0.1181031 0.1445456 0.1357073 0.0901268 0.0996284 0.1024112 0.1315063 0.1221027 0.1151629 0.0972102 0.1289572 0.1359775 0.1445456 0.1410207 0.1579097 0.1334840 0.1497379 0.1497379 0.1503479 0.1471787 0.1471787 0.1732181 0.1367033 0.0316716 0.1151534 0.1430237 0.1430237 0.1385225 0.1198647 0.1174109 0.1102346 0.1174109 0.1386886 0.1331894 0.1475079 0.1414563 0.1204979 0.1357073 0.1356759 0.1446230 0.0180142 0.1483095 0.1208265 0.1450084 0.1128606 0.1421612 0.0180142 0.1273332 0.1384501 0.1373054 0.1331894 
G22680     0.0677330 0.1158760 0.1000415 0.1185562 0.0998981 0.0972102 0.0000000 0.1021814 0.1026298 0.1310867 0.1666120 0.1399950 0.1158760 0.1258585 0.1241905 0.1390476 0.1486829 0.1443281 0.1346116 0.1233524 0.1443281 0.1454439 0.1280505 0.1265522 0.1307352 0.1670006 0.1390476 0.1415534 0.1280505 0.1365122 0.1415534 0.1326772 0.1640472 0.1443846 0.1283320 0.1440615 0.1692197 0.1440951 0.1458026 0.1294782 0.1411800 0.1479011 0.1666120 0.1532720 0.1553543 0.1729610 0.1558178 0.1443846 0.1698632 0.1443846 0.1286217 0.1471758 0.1473790 0.1365122 0.1415204 0.1443846 0.1669235 0.1422852 0.1308153 0.1585875 0.1263202 0.1530907 0.1440951 0.0202472 0.0022047 0.0044271 0.1399002 0.1302901 0.1233184 0.0000010 0.1373294 0.1443860 0.1530907 0.1494760 0.1666120 0.1418703 0.1583319 0.1583319 0.1589853 0.1557485 0.1557485 0.1821843 0.1451593 0.1074072 0.1233173 0.1516019 0.1516019 0.1469561 0.1280505 0.1255753 0.1183452 0.1255753 0.1471294 0.1415534 0.1561013 0.1499380 0.1287310 0.1440951 0.1440615 0.1531687 0.1133182 0.1569481 0.1290820 0.1535854 0.1210075 0.1506927 0.1133182 0.1355905 0.1468779 0.1458026 0.1415534 
G22683     0.0650266 0.1128341 0.0066639 0.1154942 0.0066528 0.0088739 0.1021814 0.0000000 0.0089016 0.1279527 0.1632350 0.1367846 0.1128341 0.1227603 0.1210833 0.1358615 0.1454011 0.1411082 0.1314400 0.1202684 0.1411082 0.1421960 0.1249464 0.1234341 0.1276117 0.1636131 0.1358615 0.1383542 0.1249464 0.1333403 0.1383542 0.1295561 0.1606834 0.1411630 0.1252193 0.1408491 0.1658285 0.1408818 0.1425440 0.1263352 0.1379397 0.1446416 0.1632350 0.1499764 0.1520572 0.1695285 0.1525090 0.1411630 0.1664569 0.1411630 0.1255016 0.1439331 0.1441307 0.1333403 0.1383221 0.1411630 0.1635384 0.1390666 0.1276894 0.1552610 0.1232078 0.1497996 0.1408818 0.0950842 0.1046073 0.1074155 0.1366929 0.1271802 0.1202356 0.1021814 0.1341355 0.1411642 0.1497996 0.1462264 0.1632350 0.1386619 0.1550122 0.1550122 0.1556475 0.1524430 0.1524430 0.1786767 0.1419178 0.0362723 0.1202312 0.1483010 0.1483010 0.1437197 0.1249464 0.1224844 0.1152899 0.1224844 0.1438899 0.1383542 0.1527859 0.1466774 0.1256075 0.1408818 0.1408491 0.1498773 0.0225637 0.1536137 0.1259493 0.1502810 0.1179328 0.1474114 0.0225637 0.1324432 0.1436439 0.1425440 0.1383542 
G22682     0.0653105 0.1133321 0.0066922 0.1160045 0.0066811 0.0089117 0.1026298 0.0089016 0.0000000 0.1285174 0.1639630 0.1373927 0.1133321 0.1233013 0.1216202 0.1364620 0.1460514 0.1417323 0.1320232 0.1207986 0.1417323 0.1428291 0.1254957 0.1239808 0.1281734 0.1643445 0.1364620 0.1389653 0.1254957 0.1339298 0.1389653 0.1301237 0.1614003 0.1417876 0.1257711 0.1414710 0.1665679 0.1415039 0.1431804 0.1268960 0.1385573 0.1452850 0.1639630 0.1506445 0.1527323 0.1702887 0.1531880 0.1417876 0.1672016 0.1417876 0.1260556 0.1445709 0.1447702 0.1339298 0.1389330 0.1417876 0.1642691 0.1396838 0.1282517 0.1559526 0.1237528 0.1504662 0.1415039 0.0955029 0.1050661 0.1078878 0.1373001 0.1277385 0.1207655 0.1026298 0.1347317 0.1417889 0.1504662 0.1468731 0.1639630 0.1392758 0.1557015 0.1557015 0.1563427 0.1531211 0.1531211 0.1794832 0.1425487 0.0364299 0.1207617 0.1489646 0.1489646 0.1443556 0.1254957 0.1230232 0.1157985 0.1230232 0.1445269 0.1389653 0.1534672 0.1473277 0.1261625 0.1415039 0.1414710 0.1505442 0.0226614 0.1543016 0.1265071 0.1509519 0.1184535 0.1480683 0.0226614 0.1330258 0.1442791 0.1431804 0.1389653 
G22722     0.0825716 0.0178873 0.1258315 0.0201647 0.1256598 0.1228388 0.1310867 0.1279527 0.1285174 0.0000000 0.1835343 0.0625605 0.0178873 0.0268991 0.0248078 0.1553266 0.1653333 0.1607144 0.0340074 0.0246406 0.1607144 0.1619597 0.0245478 0.0270389 0.0268295 0.1839726 0.1553266 0.1578680 0.0245478 0.1527513 0.1578680 0.1487035 0.1809318 0.1607790 0.0245947 0.1604117 0.1861845 0.1604498 0.1623696 0.0294050 0.0389773 0.0697505 0.1835343 0.1699360 0.1720009 0.1900937 0.1725186 0.1607790 0.1868975 0.1607790 0.0292099 0.1636439 0.1638735 0.1527513 0.1578305 0.1607790 0.1838835 0.1586903 0.0268436 0.1753453 0.0269850 0.1697341 0.1604498 0.1238546 0.1335776 0.1365566 0.1562772 0.1462855 0.0246358 0.1310867 0.1536721 0.1607815 0.1697341 0.1659504 0.1835343 0.1582288 0.1750577 0.1750577 0.1757968 0.1724329 0.1724329 0.1878638 0.1616461 0.1333903 0.1392913 0.1683120 0.1683120 0.1633945 0.0245478 0.0223055 0.0201330 0.0223055 0.1635802 0.1578680 0.1728320 0.1664630 0.0292315 0.1604498 0.1604117 0.1698118 0.1396196 0.1737652 0.0293123 0.1702909 0.0224117 0.1673153 0.1396196 0.0313077 0.1633047 0.1623696 0.1578680 
G22723     0.0954822 0.1674400 0.1611333 0.1703401 0.1609279 0.1579097 0.1666120 0.1632350 0.1639630 0.1835343 0.0000000 0.1933496 0.1674400 0.1779179 0.1764786 0.1696433 0.0339856 0.1751344 0.1875266 0.1752859 0.1751344 0.0315792 0.1801164 0.1789263 0.1830149 0.0044320 0.1696433 0.1722197 0.1801164 0.1670289 0.1722197 0.1137474 0.0022109 0.1752065 0.1805391 0.1747984 0.0066404 0.1748407 0.0316429 0.1821415 0.1949878 0.2017561 0.0000010 0.0384324 0.0498818 0.0089125 0.0407131 0.1752065 0.0066644 0.1752065 0.1809384 0.1781415 0.1783954 0.1670289 0.1721782 0.1752065 0.0044307 0.1731241 0.1831355 0.0524011 0.1786141 0.0383893 0.1748407 0.1592310 0.1691791 0.1723655 0.0361331 0.1114031 0.1752298 0.1666120 0.0246841 0.1752102 0.0383893 0.1804560 0.0044239 0.1726210 0.0523263 0.0523263 0.0525108 0.0500167 0.0500167 0.2388957 0.0315128 0.1689867 0.1533147 0.0363907 0.0363907 0.1778647 0.1801164 0.1775292 0.1700202 0.1775292 0.1780606 0.1722197 0.0407894 0.1810139 0.1811020 0.1748407 0.1747984 0.0477102 0.1756551 0.0410254 0.1815922 0.0384990 0.1728928 0.0361463 0.1756551 0.1880453 0.1777641 0.0316429 0.1722197 
G22689     0.0907129 0.0484161 0.1346583 0.0508286 0.1344768 0.1315937 0.1399950 0.1367846 0.1373927 0.0625605 0.1933496 0.0000000 0.0484161 0.0577805 0.0558103 0.1646433 0.1749115 0.1701175 0.0654450 0.0554322 0.1701175 0.1714432 0.0599782 0.0580888 0.0624048 0.1938197 0.1646433 0.1672165 0.0599782 0.1620334 0.1672165 0.1578435 0.1907142 0.1701871 0.0600990 0.1697921 0.1960359 0.1698330 0.1718854 0.0606432 0.0709276 0.0247337 0.1933496 0.1795417 0.1816053 0.2000607 0.1821569 0.1701871 0.1967928 0.1701871 0.0602393 0.1731079 0.1733541 0.1620334 0.1671763 0.1701871 0.1937228 0.1680952 0.0624394 0.1850286 0.0579748 0.1793269 0.1698330 0.1326902 0.1425169 0.1455620 0.1656544 0.1553963 0.0554199 0.1399950 0.1630184 0.1701904 0.1793269 0.1754278 0.1933496 0.1676049 0.1847208 0.1847208 0.1855143 0.1820606 0.1820606 0.1978190 0.1711118 0.1423256 0.1483598 0.1779366 0.1779366 0.1728397 0.0599782 0.0576448 0.0507447 0.0576448 0.1730329 0.1672165 0.1824891 0.1759718 0.0602863 0.1698330 0.1697921 0.1794041 0.1486960 0.1834764 0.0604535 0.1799229 0.0531525 0.1768854 0.1486960 0.0670357 0.1727426 0.1718854 0.1672165 
G22688     0.0680515 0.0000010 0.1106946 0.0022122 0.1105386 0.1077868 0.1158760 0.1128341 0.1133321 0.0178873 0.1674400 0.0484161 0.0000000 0.0088532 0.0066803 0.1397258 0.1494193 0.1450340 0.0156710 0.0066354 0.1450340 0.1461603 0.0155858 0.0088990 0.0178453 0.1678327 0.1397258 0.1422441 0.0155858 0.1371776 0.1422441 0.1333174 0.1648621 0.1450910 0.0156152 0.1447646 0.1700612 0.1447986 0.1465227 0.0111661 0.0203749 0.0555194 0.1674400 0.1540293 0.1561199 0.1738273 0.1565880 0.1450910 0.1707110 0.1450910 0.0110923 0.1478976 0.1481028 0.1371776 0.1422107 0.1450910 0.1677547 0.1429829 0.0178545 0.1593725 0.0088808 0.1538463 0.1447986 0.1086778 0.1183452 0.1212488 0.1405862 0.1309186 0.0066342 0.1158760 0.1380027 0.1450925 0.1538463 0.1502082 0.1674400 0.1425642 0.1591143 0.1591143 0.1597745 0.1565177 0.1565177 0.1715914 0.1458731 0.1181650 0.1239145 0.1523539 0.1523539 0.1476757 0.0155858 0.0133529 0.0022088 0.0133529 0.1478503 0.1422441 0.1568741 0.1506745 0.0156636 0.1447986 0.1447646 0.1539246 0.1242297 0.1577286 0.0111312 0.1543459 0.0044257 0.1514368 0.1242297 0.0223108 0.1475967 0.1465227 0.1422441 
G22724     0.0776418 0.0088532 0.1206358 0.0110891 0.1204696 0.1176764 0.1258585 0.1227603 0.1233013 0.0268991 0.1779179 0.0577805 0.0088532 0.0000000 0.0156264 0.1499275 0.1598097 0.1552793 0.0246861 0.0155213 0.1552793 0.1564814 0.0245531 0.0178429 0.0268351 0.1783394 0.1499275 0.1524570 0.0245531 0.1473655 0.1524570 0.1433889 0.1753284 0.1553411 0.0246001 0.1549887 0.1805536 0.1550253 0.1568741 0.0201498 0.0295017 0.0649335 0.1779179 0.1644075 0.1664780 0.1844059 0.1669776 0.1553411 0.1812432 0.1553411 0.0200163 0.1581812 0.1584019 0.1473655 0.1524210 0.1553411 0.1782544 0.1532490 0.0268491 0.1697850 0.0133213 0.1642124 0.1550253 0.1186480 0.1283384 0.1312872 0.1508456 0.1409813 0.0110567 0.1258585 0.1482518 0.1553432 0.1642124 0.1604855 0.1779179 0.1528030 0.1695082 0.1695082 0.1702184 0.1668975 0.1668975 0.1821778 0.1561774 0.1281534 0.1339936 0.1627686 0.1627686 0.1579418 0.0245531 0.0223105 0.0066264 0.0223105 0.1581235 0.1524570 0.1672810 0.1609813 0.0246764 0.1550253 0.1549887 0.1642904 0.1343174 0.1681855 0.0200868 0.1647484 0.0088514 0.1618008 0.1343174 0.0313125 0.1578559 0.1568741 0.1524570 
G22725     0.0757506 0.0066803 0.1189436 0.0089251 0.1187781 0.1159753 0.1241905 0.1210833 0.1216202 0.0248078 0.1764786 0.0558103 0.0066803 0.0156264 0.0000000 0.1483663 0.1582778 0.1537428 0.0225799 0.0133850 0.1537428 0.1549405 0.0224566 0.0066620 0.0247481 0.1768985 0.1483663 0.1509089 0.0224566 0.1457915 0.1509089 0.1418099 0.1738757 0.1538042 0.0224991 0.1534537 0.1791274 0.1534901 0.1553308 0.0044232 0.0227770 0.0629983 0.1764786 0.1629043 0.1649897 0.1829901 0.1654877 0.1538042 0.1798155 0.1538042 0.0179005 0.1566557 0.1568755 0.1457915 0.1508731 0.1538042 0.1768140 0.1516975 0.0247609 0.1683081 0.0156754 0.1627098 0.1534901 0.1169388 0.1266834 0.1296422 0.1492810 0.1393896 0.0133825 0.1241905 0.1466735 0.1538062 0.1627098 0.1589744 0.1764786 0.1512529 0.1680323 0.1680323 0.1687394 0.1654086 0.1654086 0.1807481 0.1546372 0.1264980 0.1323579 0.1612505 0.1612505 0.1564176 0.0224566 0.0202013 0.0089113 0.0202013 0.1565993 0.1509089 0.1657903 0.1594687 0.0225705 0.1534901 0.1534537 0.1627884 0.1326823 0.1666928 0.0179630 0.1632436 0.0111596 0.1602845 0.1326823 0.0292530 0.1563323 0.1553308 0.1509089 
G22568     0.0653693 0.1397258 0.1337466 0.1425039 0.1335670 0.1307051 0.1390476 0.1358615 0.1364620 0.1553266 0.1696433 0.1646433 0.1397258 0.1499275 0.1483663 0.0000000 0.1516476 0.0044093 0.1590665 0.1473655 0.0044093 0.1483817 0.1521199 0.1507637 0.1548997 0.1700411 0.0000010 0.0066170 0.1521199 0.0022032 0.0066170 0.1355158 0.1670691 0.0088434 0.1524644 0.0088269 0.1722613 0.0088286 0.1487497 0.1538207 0.1660357 0.1727717 0.1696433 0.1562438 0.1583251 0.1760363 0.1587987 0.0088434 0.1729178 0.0044106 0.1528049 0.0066292 0.0066372 0.0022032 0.0066157 0.0088434 0.1699617 0.0066493 0.1549979 0.1615815 0.1504939 0.1560587 0.0088286 0.1317877 0.1415534 0.1445760 0.1428079 0.1331210 0.1473220 0.1390476 0.1402284 0.0088432 0.1560587 0.0088322 0.1696433 0.0022043 0.1613199 0.1613199 0.1619891 0.1587266 0.1587266 0.2083288 0.1480916 0.1413635 0.1261371 0.1545804 0.1545804 0.0066210 0.1521199 0.1495951 0.1422441 0.1495951 0.0110799 0.0022002 0.1590879 0.0133234 0.1529385 0.0044033 0.0088269 0.1561368 0.1476865 0.1599510 0.1533536 0.1565648 0.1449999 0.1536546 0.1476865 0.1598323 0.0066184 0.1487497 0.0022002 
G22717     0.0785076 0.1494193 0.1432720 0.1522651 0.1430814 0.1401400 0.1486829 0.1454011 0.1460514 0.1653333 0.0339856 0.1749115 0.1494193 0.1598097 0.1582778 0.1516476 0.0000000 0.1570653 0.1691976 0.1572000 0.1570653 0.0157400 0.1620236 0.1607140 0.1648702 0.0340509 0.1516476 0.1542065 0.1620236 0.1490555 0.1542065 0.0968245 0.0317042 0.1571286 0.1623986 0.1567677 0.0362757 0.1568052 0.0022201 0.1638548 0.1764047 0.1832127 0.0339856 0.0225341 0.0338995 0.0388058 0.0247997 0.1571286 0.0364095 0.1571286 0.1627632 0.1600056 0.1602316 0.1490555 0.1541697 0.1571286 0.0340404 0.1550164 0.1649770 0.0363350 0.1604265 0.0134140 0.1568052 0.1413152 0.1512327 0.1543400 0.0202608 0.0944896 0.1571518 0.1486829 0.0089468 0.1571309 0.0134140 0.1623341 0.0339856 0.1545608 0.0362829 0.0362829 0.0364097 0.0339927 0.0339927 0.2196679 0.0157061 0.1510389 0.1355214 0.0204079 0.0204079 0.1597605 0.1620236 0.1594541 0.1519820 0.1594541 0.1599454 0.1542065 0.0202626 0.1628406 0.1629084 0.1568052 0.1567677 0.0317046 0.1575412 0.0249943 0.1633540 0.0225727 0.1548034 0.0202666 0.1575412 0.1698816 0.1596725 0.0022201 0.1542065 
G22652     0.0702245 0.1450340 0.1389977 0.1478328 0.1388131 0.1359242 0.1443281 0.1411082 0.1417323 0.1607144 0.1751344 0.1701175 0.1450340 0.1552793 0.1537428 0.0044093 0.1570653 0.0000000 0.1644996 0.1527063 0.0000010 0.1537584 0.1574709 0.1561473 0.1602707 0.1755479 0.0044093 0.0110561 0.1574709 0.0066260 0.0110561 0.1407435 0.1725502 0.0132986 0.1578297 0.0132735 0.1777641 0.0132762 0.1541427 0.1592317 0.1715554 0.1782914 0.1751344 0.1616622 0.1637362 0.1815902 0.1642271 0.0132986 0.1784425 0.0088434 0.1581812 0.0022042 0.0110897 0.0066260 0.0110539 0.0132986 0.1754648 0.0111101 0.1603729 0.1670260 0.1558695 0.1614705 0.0132762 0.1370512 0.1468435 0.1498947 0.1481440 0.1383405 0.1526605 0.1443281 0.1455553 0.0132982 0.1614705 0.0044051 0.1751344 0.0066294 0.1667543 0.1667543 0.1674506 0.1641497 0.1641497 0.2141149 0.1534591 0.1466524 0.1313548 0.1600152 0.1600152 0.0022015 0.1574709 0.1549363 0.1475619 0.1549363 0.0155508 0.0066170 0.1645256 0.0178094 0.1583202 0.0088286 0.0132735 0.1615486 0.1530363 0.1654161 0.1587493 0.1619964 0.1503374 0.1590616 0.1530363 0.1652177 0.0022006 0.1541427 0.0066170 
G22573     0.0856649 0.0156710 0.1293117 0.0179460 0.1291357 0.1262834 0.1346116 0.1314400 0.1320232 0.0340074 0.1875266 0.0654450 0.0156710 0.0246861 0.0225799 0.1590665 0.1691976 0.1644996 0.0000000 0.0224271 0.1644996 0.1657795 0.0316048 0.0248153 0.0339251 0.1879785 0.1590665 0.1616258 0.0316048 0.1564722 0.1616258 0.1523594 0.1849064 0.1645663 0.0316664 0.1641872 0.1901958 0.1642265 0.1662032 0.0271744 0.0367241 0.0727003 0.1875266 0.1738199 0.1758881 0.1941582 0.1764204 0.1645663 0.1909277 0.1645663 0.0044364 0.1674591 0.1676958 0.1564722 0.1615871 0.1645663 0.1878861 0.1624723 0.0339429 0.1792703 0.0247644 0.1736125 0.1642265 0.1273333 0.1371206 0.1401326 0.1600433 0.1499247 0.0224227 0.1346116 0.1574205 0.1645691 0.1736125 0.1697754 0.1875266 0.1619983 0.1789740 0.1789740 0.1797363 0.1763303 0.1763303 0.1919199 0.1654582 0.1369312 0.1428983 0.1722006 0.1722006 0.1672017 0.0316048 0.0293339 0.0179180 0.0293339 0.1673908 0.1616258 0.1767419 0.1703016 0.0317652 0.1642265 0.1641872 0.1736902 0.1432306 0.1776987 0.0270889 0.1741861 0.0201947 0.1711800 0.1432306 0.0384537 0.1671088 0.1662032 0.1616258 
G22650     0.0752358 0.0066354 0.1181402 0.0088652 0.1179765 0.1151938 0.1233524 0.1202684 0.1207986 0.0246406 0.1752859 0.0554322 0.0066354 0.0155213 0.0133850 0.1473655 0.1572000 0.1527063 0.0224271 0.0000000 0.1527063 0.1538893 0.0223060 0.0156019 0.0245822 0.1757001 0.1473655 0.1498922 0.0223060 0.1448071 0.1498922 0.1408599 0.1726993 0.1527669 0.0223485 0.1524210 0.1779179 0.1524570 0.1542743 0.0178988 0.0272144 0.0625725 0.1752859 0.1618008 0.1638764 0.1817485 0.1643680 0.1527669 0.1785975 0.1527669 0.0177802 0.1555984 0.1558153 0.1448071 0.1498569 0.1527669 0.1756169 0.1506708 0.0245950 0.1671697 0.0155703 0.1616088 0.1524570 0.1161452 0.1258295 0.1287669 0.1482692 0.1384546 0.0132925 0.1233524 0.1456780 0.1527688 0.1616088 0.1579043 0.1752859 0.1502316 0.1668975 0.1668975 0.1675951 0.1642904 0.1642904 0.1795185 0.1535895 0.1256456 0.1314628 0.1601529 0.1601529 0.1553635 0.0223060 0.0200659 0.0088514 0.0200659 0.1555434 0.1498922 0.1646671 0.1583927 0.0224178 0.1524570 0.1524210 0.1616870 0.1317846 0.1655590 0.0178428 0.1621356 0.0110847 0.1591978 0.1317846 0.0290565 0.1552793 0.1542743 0.1498922 
G22651     0.0702245 0.1450340 0.1389977 0.1478328 0.1388131 0.1359242 0.1443281 0.1411082 0.1417323 0.1607144 0.1751344 0.1701175 0.1450340 0.1552793 0.1537428 0.0044093 0.1570653 0.0000010 0.1644996 0.1527063 0.0000000 0.1537584 0.1574709 0.1561473 0.1602707 0.1755479 0.0044093 0.0110561 0.1574709 0.0066260 0.0110561 0.1407435 0.1725502 0.0132986 0.1578297 0.0132735 0.1777641 0.0132762 0.1541427 0.1592317 0.1715554 0.1782914 0.1751344 0.1616622 0.1637362 0.1815902 0.1642271 0.0132986 0.1784425 0.0088434 0.1581812 0.0022042 0.0110897 0.0066260 0.0110539 0.0132986 0.1754648 0.0111101 0.1603729 0.1670260 0.1558695 0.1614705 0.0132762 0.1370512 0.1468435 0.1498947 0.1481440 0.1383405 0.1526605 0.1443281 0.1455553 0.0132982 0.1614705 0.0044051 0.1751344 0.0066294 0.1667543 0.1667543 0.1674506 0.1641497 0.1641497 0.2141149 0.1534591 0.1466524 0.1313548 0.1600152 0.1600152 0.0022015 0.1574709 0.1549363 0.1475619 0.1549363 0.0155508 0.0066170 0.1645256 0.0178094 0.1583202 0.0088286 0.0132735 0.1615486 0.1530363 0.1654161 0.1587493 0.1619964 0.1503374 0.1590616 0.1530363 0.1652177 0.0022006 0.1541427 0.0066170 
G22656     0.0757652 0.1461603 0.1400727 0.1489817 0.1398858 0.1369726 0.1454439 0.1421960 0.1428291 0.1619597 0.0315792 0.1714432 0.1461603 0.1564814 0.1549405 0.1483817 0.0157400 0.1537584 0.1657795 0.1538893 0.1537584 0.0000000 0.1586868 0.1573622 0.1615091 0.0316391 0.1483817 0.1509244 0.1586868 0.1458068 0.1509244 0.0940071 0.0293092 0.1538198 0.1590512 0.1534693 0.0338584 0.1535057 0.0134597 0.1604727 0.1729012 0.1796801 0.0315792 0.0201917 0.0315002 0.0363599 0.0224462 0.1538198 0.0339821 0.1538198 0.1594075 0.1566716 0.1568913 0.1458068 0.1508886 0.1538198 0.0316295 0.1517130 0.1616129 0.0339126 0.1570808 0.0201693 0.1535057 0.1381159 0.1479776 0.1510547 0.0179309 0.0916851 0.1538428 0.1454439 0.0066816 0.1538219 0.0201693 0.1589904 0.0315792 0.1512685 0.0338654 0.0338654 0.0339822 0.0315861 0.0315861 0.2157986 0.0134038 0.1477851 0.1323728 0.0180614 0.0180614 0.1564334 0.1586868 0.1561339 0.1487067 0.1561339 0.1566151 0.1509244 0.0224886 0.1594847 0.1595487 0.1535057 0.1534693 0.0293098 0.1542235 0.0226227 0.1599837 0.0202257 0.1515044 0.0179357 0.1542235 0.1664909 0.1563480 0.0134597 0.1509244 
G22657     0.0798476 0.0155858 0.1228294 0.0178489 0.1226614 0.1198647 0.1280505 0.1249464 0.1254957 0.0245478 0.1801164 0.0599782 0.0155858 0.0245531 0.0224566 0.1521199 0.1620236 0.1574709 0.0316048 0.0223060 0.1574709 0.1586868 0.0000000 0.0246809 0.0021947 0.1805433 0.1521199 0.1546469 0.0000010 0.1495599 0.1546469 0.1455656 0.1775292 0.1575336 0.0044004 0.1571762 0.1827503 0.1572133 0.1590852 0.0270270 0.0365266 0.0671267 0.1801164 0.1666100 0.1686724 0.1866137 0.1691778 0.1575336 0.1834470 0.1575336 0.0268485 0.1603754 0.1605991 0.1495599 0.1546105 0.1575336 0.1804569 0.1554489 0.0021958 0.1719848 0.0246315 0.1664128 0.1572133 0.1208520 0.1305278 0.1334805 0.1530485 0.1431609 0.0223016 0.1280505 0.1504577 0.1575358 0.1664128 0.1626741 0.1801164 0.1549979 0.1717045 0.1717045 0.1724240 0.1690957 0.1690957 0.1843913 0.1583798 0.1303423 0.1361907 0.1649819 0.1649819 0.1601327 0.0043922 0.0021951 0.0178208 0.0021951 0.1603155 0.1546469 0.1694843 0.1631751 0.0268684 0.1572133 0.1571762 0.1664905 0.1365155 0.1703975 0.0269429 0.1669556 0.0200856 0.1640053 0.1365155 0.0065850 0.1600455 0.1590852 0.1546469 
G22655     0.0780620 0.0088990 0.1212995 0.0111464 0.1211318 0.1183213 0.1265522 0.1234341 0.1239808 0.0270389 0.1789263 0.0580888 0.0088990 0.0178429 0.0066620 0.1507637 0.1607140 0.1561473 0.0248153 0.0156019 0.1561473 0.1573622 0.0246809 0.0000000 0.0269749 0.1793529 0.1507637 0.1533074 0.0246809 0.1481872 0.1533074 0.1441805 0.1763219 0.1562098 0.0247279 0.1558533 0.1815773 0.1558903 0.1577595 0.0111356 0.0250316 0.0652806 0.1789263 0.1653351 0.1674148 0.1854586 0.1679199 0.1562098 0.1822745 0.1562098 0.0201204 0.1590677 0.1592910 0.1481872 0.1532710 0.1562098 0.1792667 0.1541081 0.0269889 0.1707442 0.0178992 0.1651380 0.1558903 0.1193032 0.1290458 0.1320132 0.1516914 0.1417597 0.0155989 0.1265522 0.1490831 0.1562120 0.1651380 0.1613836 0.1789263 0.1536574 0.1704642 0.1704642 0.1711828 0.1678384 0.1678384 0.1832194 0.1570551 0.1288595 0.1347368 0.1636907 0.1636907 0.1588255 0.0246809 0.0224265 0.0111291 0.0224265 0.1590088 0.1533074 0.1682264 0.1618845 0.0248055 0.1558903 0.1558533 0.1652163 0.1350629 0.1691402 0.0201909 0.1656801 0.0133796 0.1627134 0.1350629 0.0314764 0.1587386 0.1577595 0.1533074 
G22658     0.0823604 0.0178453 0.1254957 0.0201173 0.1253248 0.1225128 0.1307352 0.1276117 0.1281734 0.0268295 0.1830149 0.0624048 0.0178453 0.0268351 0.0247481 0.1548997 0.1648702 0.1602707 0.0339251 0.0245822 0.1602707 0.1615091 0.0021947 0.0269749 0.0000000 0.1834505 0.1548997 0.1574336 0.0021947 0.1523322 0.1574336 0.1483000 0.1804205 0.1603348 0.0066127 0.1599697 0.1856568 0.1600076 0.1619165 0.0293339 0.0388823 0.0695757 0.1830149 0.1694602 0.1715202 0.1895503 0.1720350 0.1603348 0.1863657 0.1603348 0.0291402 0.1631902 0.1634185 0.1523322 0.1573964 0.1603348 0.1833620 0.1582513 0.0043996 0.1748525 0.0269210 0.1692594 0.1600076 0.1235232 0.1332190 0.1361882 0.1558453 0.1458895 0.0245773 0.1307352 0.1532479 0.1603373 0.1692594 0.1654905 0.1830149 0.1577922 0.1745666 0.1745666 0.1753012 0.1719500 0.1719500 0.1873265 0.1611972 0.1330323 0.1389138 0.1678393 0.1678393 0.1629423 0.0066003 0.0043982 0.0200856 0.0043982 0.1631272 0.1574336 0.1723467 0.1660004 0.0291619 0.1600076 0.1599697 0.1693370 0.1392409 0.1732750 0.0292426 0.1698131 0.0223588 0.1668476 0.1392409 0.0087960 0.1628530 0.1619165 0.1574336 
G22713     0.0956851 0.1678327 0.1615067 0.1707415 0.1613005 0.1582731 0.1670006 0.1636131 0.1643445 0.1839726 0.0044320 0.1938197 0.1678327 0.1783394 0.1768985 0.1700411 0.0340509 0.1755479 0.1879785 0.1757001 0.1755479 0.0316391 0.1805433 0.1793529 0.1834505 0.0000000 0.1700411 0.1726245 0.1805433 0.1674196 0.1726245 0.1139913 0.0022149 0.1756204 0.1809682 0.1752102 0.0066525 0.1752526 0.0317042 0.1825783 0.1954660 0.2022516 0.0044320 0.0385061 0.0499797 0.0089288 0.0407916 0.1756204 0.0066765 0.1756204 0.1813693 0.1785643 0.1788195 0.1674196 0.1725827 0.1756204 0.0044388 0.1735333 0.1835718 0.0525039 0.1790394 0.0384630 0.1752526 0.1596007 0.1695746 0.1727709 0.0362022 0.1116406 0.1756437 0.1670006 0.0247304 0.1756241 0.0384630 0.1808845 0.0044320 0.1730278 0.0524291 0.0524291 0.0526136 0.0501146 0.0501146 0.2395151 0.0315726 0.1693818 0.1536672 0.0364610 0.0364610 0.1782860 0.1805433 0.1779490 0.1704199 0.1779490 0.1784827 0.1726245 0.0408679 0.1814450 0.1815339 0.1752526 0.1752102 0.0478032 0.1760709 0.0411051 0.1820264 0.0385728 0.1733010 0.0362154 0.1760709 0.1884945 0.1781848 0.0317042 0.1726245 
G22712     0.0653693 0.1397258 0.1337466 0.1425039 0.1335670 0.1307051 0.1390476 0.1358615 0.1364620 0.1553266 0.1696433 0.1646433 0.1397258 0.1499275 0.1483663 0.0000010 0.1516476 0.0044093 0.1590665 0.1473655 0.0044093 0.1483817 0.1521199 0.1507637 0.1548997 0.1700411 0.0000000 0.0066170 0.1521199 0.0022032 0.0066170 0.1355158 0.1670691 0.0088434 0.1524644 0.0088269 0.1722613 0.0088286 0.1487497 0.1538207 0.1660357 0.1727717 0.1696433 0.1562438 0.1583251 0.1760363 0.1587987 0.0088434 0.1729178 0.0044106 0.1528049 0.0066292 0.0066372 0.0022032 0.0066157 0.0088434 0.1699617 0.0066493 0.1549979 0.1615815 0.1504939 0.1560587 0.0088286 0.1317877 0.1415534 0.1445760 0.1428079 0.1331210 0.1473220 0.1390476 0.1402284 0.0088432 0.1560587 0.0088322 0.1696433 0.0022043 0.1613199 0.1613199 0.1619891 0.1587266 0.1587266 0.2083288 0.1480916 0.1413635 0.1261371 0.1545804 0.1545804 0.0066210 0.1521199 0.1495951 0.1422441 0.1495951 0.0110799 0.0022002 0.1590879 0.0133234 0.1529385 0.0044033 0.0088269 0.1561368 0.1476865 0.1599510 0.1533536 0.1565648 0.1449999 0.1536546 0.1476865 0.1598323 0.0066184 0.1487497 0.0022002 
G22710     0.0677361 0.1422441 0.1362433 0.1450294 0.1360615 0.1331894 0.1415534 0.1383542 0.1389653 0.1578680 0.1722197 0.1672165 0.1422441 0.1524570 0.1509089 0.0066170 0.1542065 0.0110561 0.1616258 0.1498922 0.0110561 0.1509244 0.1546469 0.1533074 0.1574336 0.1726245 0.0066170 0.0000000 0.1546469 0.0044084 0.0000010 0.1379999 0.1696433 0.0022009 0.1549979 0.0021968 0.1748407 0.0021972 0.1512997 0.1563745 0.1686290 0.1753585 0.1722197 0.1587987 0.1608747 0.1786360 0.1613559 0.0022009 0.1755068 0.0110595 0.1553432 0.0132982 0.0133141 0.0044084 0.0088251 0.0022009 0.1725435 0.0088700 0.1575336 0.1641437 0.1530341 0.1586107 0.0021972 0.1342921 0.1440615 0.1470948 0.1453366 0.1356033 0.1498476 0.1415534 0.1427551 0.0022008 0.1586107 0.0155025 0.1722197 0.0088434 0.1638776 0.1638776 0.1645589 0.1612814 0.1612814 0.2110047 0.1506302 0.1438711 0.1286249 0.1571447 0.1571447 0.0132816 0.1546469 0.1521199 0.1447646 0.1521199 0.0044120 0.0088269 0.1616492 0.0066316 0.1554793 0.0110410 0.0021968 0.1586888 0.1502171 0.1625244 0.1559006 0.1591256 0.1475272 0.1562066 0.1502171 0.1623683 0.0132762 0.1512997 0.0088269 
G22599     0.0798476 0.0155858 0.1228294 0.0178489 0.1226614 0.1198647 0.1280505 0.1249464 0.1254957 0.0245478 0.1801164 0.0599782 0.0155858 0.0245531 0.0224566 0.1521199 0.1620236 0.1574709 0.0316048 0.0223060 0.1574709 0.1586868 0.0000010 0.0246809 0.0021947 0.1805433 0.1521199 0.1546469 0.0000000 0.1495599 0.1546469 0.1455656 0.1775292 0.1575336 0.0044004 0.1571762 0.1827503 0.1572133 0.1590852 0.0270270 0.0365266 0.0671267 0.1801164 0.1666100 0.1686724 0.1866137 0.1691778 0.1575336 0.1834470 0.1575336 0.0268485 0.1603754 0.1605991 0.1495599 0.1546105 0.1575336 0.1804569 0.1554489 0.0021958 0.1719848 0.0246315 0.1664128 0.1572133 0.1208520 0.1305278 0.1334805 0.1530485 0.1431609 0.0223016 0.1280505 0.1504577 0.1575358 0.1664128 0.1626741 0.1801164 0.1549979 0.1717045 0.1717045 0.1724240 0.1690957 0.1690957 0.1843913 0.1583798 0.1303423 0.1361907 0.1649819 0.1649819 0.1601327 0.0043922 0.0021951 0.0178208 0.0021951 0.1603155 0.1546469 0.1694843 0.1631751 0.0268684 0.1572133 0.1571762 0.1664905 0.1365155 0.1703975 0.0269429 0.1669556 0.0200856 0.1640053 0.1365155 0.0065850 0.1600455 0.1590852 0.1546469 
G22598     0.0629911 0.1371776 0.1312217 0.1399478 0.1310445 0.1281935 0.1365122 0.1333403 0.1339298 0.1527513 0.1670289 0.1620334 0.1371776 0.1473655 0.1457915 0.0022032 0.1490555 0.0066260 0.1564722 0.1448071 0.0066260 0.1458068 0.1495599 0.1481872 0.1523322 0.1674196 0.0022032 0.0044084 0.1495599 0.0000000 0.0044084 0.1330034 0.1644577 0.0066281 0.1498980 0.0066157 0.1696433 0.0066170 0.1461673 0.1512331 0.1634052 0.1701460 0.1670289 0.1536546 0.1557409 0.1733967 0.1562066 0.0066281 0.1702899 0.0066281 0.1502334 0.0088552 0.0088657 0.0000010 0.0044075 0.0066281 0.1673420 0.0044299 0.1524285 0.1589835 0.1479211 0.1534724 0.0066170 0.1292556 0.1390152 0.1420262 0.1402485 0.1306107 0.1447646 0.1365122 0.1376717 0.0066279 0.1534724 0.0110606 0.1670289 0.0044166 0.1587266 0.1587266 0.1593834 0.1561368 0.1561368 0.2056035 0.1455209 0.1388258 0.1236232 0.1519820 0.1519820 0.0088442 0.1495599 0.1470380 0.1396931 0.1470380 0.0088580 0.0044084 0.1564914 0.0110949 0.1503644 0.0066170 0.0066157 0.1535506 0.1451239 0.1573420 0.1507731 0.1539696 0.1424414 0.1510689 0.1451239 0.1572613 0.0088407 0.1461673 0.0044084 
G22618     0.0677361 0.1422441 0.1362433 0.1450294 0.1360615 0.1331894 0.1415534 0.1383542 0.1389653 0.1578680 0.1722197 0.1672165 0.1422441 0.1524570 0.1509089 0.0066170 0.1542065 0.0110561 0.1616258 0.1498922 0.0110561 0.1509244 0.1546469 0.1533074 0.1574336 0.1726245 0.0066170 0.0000010 0.1546469 0.0044084 0.0000000 0.1379999 0.1696433 0.0022009 0.1549979 0.0021968 0.1748407 0.0021972 0.1512997 0.1563745 0.1686290 0.1753585 0.1722197 0.1587987 0.1608747 0.1786360 0.1613559 0.0022009 0.1755068 0.0110595 0.1553432 0.0132982 0.0133141 0.0044084 0.0088251 0.0022009 0.1725435 0.0088700 0.1575336 0.1641437 0.1530341 0.1586107 0.0021972 0.1342921 0.1440615 0.1470948 0.1453366 0.1356033 0.1498476 0.1415534 0.1427551 0.0022008 0.1586107 0.0155025 0.1722197 0.0088434 0.1638776 0.1638776 0.1645589 0.1612814 0.1612814 0.2110047 0.1506302 0.1438711 0.1286249 0.1571447 0.1571447 0.0132816 0.1546469 0.1521199 0.1447646 0.1521199 0.0044120 0.0088269 0.1616492 0.0066316 0.1554793 0.0110410 0.0021968 0.1586888 0.1502171 0.1625244 0.1559006 0.1591256 0.1475272 0.1562066 0.1502171 0.1623683 0.0132762 0.1512997 0.0088269 
G22619     0.0649012 0.1333174 0.1274518 0.1360497 0.1272798 0.1244710 0.1326772 0.1295561 0.1301237 0.1487035 0.1137474 0.1578435 0.1333174 0.1433889 0.1418099 0.1355158 0.0968245 0.1407435 0.1523594 0.1408599 0.1407435 0.0940071 0.1455656 0.1441805 0.1483000 0.1139913 0.1355158 0.1379999 0.1455656 0.1330034 0.1379999 0.0000000 0.1113235 0.1407979 0.1458907 0.1404860 0.1162004 0.1405185 0.0942192 0.1471807 0.1591693 0.1658537 0.1137474 0.1013189 0.1034295 0.1194034 0.1037257 0.1407979 0.1166296 0.1407979 0.1462151 0.1435575 0.1437539 0.1330034 0.1379680 0.1407979 0.1139467 0.1387081 0.1483921 0.1062893 0.1439227 0.1012024 0.1405185 0.1254932 0.1351527 0.1381180 0.0889352 0.0568022 0.1408193 0.1326772 0.0865066 0.1407991 0.1012024 0.1458432 0.1137474 0.1383056 0.1061287 0.1061287 0.1065316 0.1036978 0.1036978 0.2008012 0.0938193 0.1349658 0.1199399 0.0995108 0.0995108 0.1433455 0.1455656 0.1430710 0.1358050 0.1430710 0.1435148 0.1379999 0.1039145 0.1462916 0.1463411 0.1405185 0.1404860 0.1012700 0.1411673 0.1044853 0.1467360 0.1015097 0.1385163 0.0988921 0.1411673 0.1531773 0.1432701 0.0942192 0.1379999 
G22595     0.0930498 0.1648621 0.1585777 0.1677547 0.1583743 0.1553669 0.1640472 0.1606834 0.1614003 0.1809318 0.0022109 0.1907142 0.1648621 0.1753284 0.1738757 0.1670691 0.0317042 0.1725502 0.1849064 0.1726993 0.1725502 0.0293092 0.1775292 0.1763219 0.1804205 0.0022149 0.1670691 0.1696433 0.1775292 0.1644577 0.1696433 0.1113235 0.0000000 0.1726210 0.1779450 0.1722197 0.0044248 0.1722613 0.0293690 0.1795269 0.1923320 0.1991064 0.0022109 0.0361537 0.0475914 0.0066811 0.0384324 0.1726210 0.0044408 0.1726210 0.1783394 0.1755479 0.1757978 0.1644577 0.1696024 0.1726210 0.0022143 0.1705342 0.1805391 0.0500985 0.1760132 0.0361133 0.1722613 0.1566674 0.1666120 0.1697874 0.0338584 0.1089801 0.1726444 0.1640472 0.0224289 0.1726245 0.0361133 0.1778647 0.0022109 0.1700378 0.0500272 0.0500272 0.0502028 0.0477202 0.0477202 0.2361520 0.0292475 0.1664191 0.1507681 0.0341004 0.0341004 0.1752756 0.1775292 0.1749443 0.1674400 0.1749443 0.1754701 0.1696433 0.0385044 0.1784153 0.1785005 0.1722613 0.1722197 0.0454163 0.1730646 0.0387281 0.1789844 0.0362162 0.1703055 0.0338703 0.1730646 0.1854487 0.1751768 0.0293690 0.1696433 
G22617     0.0702490 0.1450910 0.1390516 0.1478912 0.1388669 0.1359766 0.1443846 0.1411630 0.1417876 0.1607790 0.1752065 0.1701871 0.1450910 0.1553411 0.1538042 0.0088434 0.1571286 0.0132986 0.1645663 0.1527669 0.0132986 0.1538198 0.1575336 0.1562098 0.1603348 0.1756204 0.0088434 0.0022009 0.1575336 0.0066281 0.0022009 0.1407979 0.1726210 0.0000000 0.1578927 0.0044038 0.1778374 0.0044047 0.1542044 0.1592959 0.1716262 0.1783652 0.1752065 0.1617275 0.1638023 0.1816659 0.1642936 0.0044120 0.1785164 0.0133027 0.1582445 0.0155513 0.0155699 0.0066281 0.0110573 0.0000010 0.1755372 0.0111136 0.1604371 0.1670939 0.1559318 0.1615356 0.0044047 0.1371045 0.1469011 0.1499538 0.1482026 0.1383938 0.1527210 0.1443846 0.1456127 0.0044118 0.1615356 0.0177591 0.1752065 0.0110803 0.1668220 0.1668220 0.1675189 0.1642161 0.1642161 0.2142089 0.1535203 0.1467099 0.1314053 0.1600800 0.1600800 0.0155318 0.1575336 0.1549979 0.1476201 0.1549979 0.0066334 0.0110595 0.1645924 0.0044173 0.1583836 0.0132804 0.0044038 0.1616138 0.1530972 0.1654836 0.1588131 0.1620620 0.1503969 0.1591256 0.1530972 0.1652841 0.0155255 0.1542044 0.0110595 
G22614     0.0800134 0.0156152 0.1230979 0.0178826 0.1229293 0.1201251 0.1283320 0.1252193 0.1257711 0.0245947 0.1805391 0.0600990 0.0156152 0.0246001 0.0224991 0.1524644 0.1623986 0.1578297 0.0316664 0.0223485 0.1578297 0.1590512 0.0044004 0.0247279 0.0066127 0.1809682 0.1524644 0.1549979 0.0044004 0.1498980 0.1549979 0.1458907 0.1779450 0.1578927 0.0000000 0.1575336 0.1831801 0.1575709 0.1594517 0.0270796 0.0365983 0.0672629 0.1805391 0.1669957 0.1690624 0.1870567 0.1695702 0.1578927 0.1838802 0.1578927 0.0268999 0.1607426 0.1609673 0.1498980 0.1549612 0.1578927 0.1808813 0.1558036 0.0066161 0.1723849 0.0246784 0.1667976 0.1575709 0.1211168 0.1308153 0.1337762 0.1533972 0.1434798 0.0223441 0.1283320 0.1507999 0.1578950 0.1667976 0.1630465 0.1805391 0.1553506 0.1721032 0.1721032 0.1728264 0.1694875 0.1694875 0.1848291 0.1587429 0.1306293 0.1364939 0.1653649 0.1653649 0.1604986 0.0044004 0.0021992 0.0178545 0.0021992 0.1606821 0.1549979 0.1698780 0.1635498 0.0269198 0.1575709 0.1575336 0.1668755 0.1368197 0.1707954 0.0269943 0.1673430 0.0201237 0.1643841 0.1368197 0.0110230 0.1604110 0.1594517 0.1549979 
